,AF3,F7,F3,FC5,T7,P7,O1,O2,P8,T8,FC6,F4,F8,AF4
0,4388.205128,4518.461538,4524.102564,4249.230769,4506.153846,4236.410256,4431.282051,4208.717948,4235.384615,4533.846153,4185.128205,4651.794871,4014.358974,4050.256410
1,4391.282051,4520.000000,4525.641025,4247.179487,4504.102564,4236.923076,4433.846153,4217.435897,4241.025641,4537.435897,4187.179487,4652.820512,4019.487179,4053.846153
2,4387.179487,4511.282051,4521.538461,4244.102564,4503.589743,4233.846153,4427.692307,4214.358974,4237.435897,4530.769230,4176.410256,4648.717948,4016.923076,4048.717948
3,4387.179487,4513.333333,4523.076923,4246.153846,4506.666666,4235.897435,4427.179487,4214.358974,4241.025641,4530.769230,4179.487179,4653.846153,4018.974358,4051.794871
4,4392.307692,4524.102564,4529.230769,4247.692307,4508.205128,4239.487179,4431.794871,4221.025641,4250.256410,4543.589743,4189.230769,4660.000000,4026.153846,4057.948717
5,4393.846153,4523.076923,4530.256410,4250.769230,4507.692307,4238.461538,4430.769230,4222.051282,4253.333333,4546.666666,4185.641025,4656.410256,4029.743589,4053.846153
6,4396.410256,4521.538461,4535.384615,4258.974358,4506.666666,4238.974358,4428.717948,4223.076923,4253.846153,4542.051282,4181.025641,4658.974358,4033.333333,4056.923076
7,4401.538461,4529.230769,4540.512820,4258.974358,4510.256410,4244.102564,4431.282051,4225.641025,4251.794871,4545.641025,4189.743589,4662.564102,4037.435897,4065.641025
8,4398.461538,4526.666666,4531.794871,4248.205128,4514.358974,4244.615384,4435.384615,4223.589743,4246.666666,4548.717948,4198.974358,4654.871794,4035.897435,4060.000000
9,4389.743589,4512.820512,4520.000000,4244.102564,4512.307692,4240.000000,4435.897435,4218.461538,4242.051282,4542.051282,4189.230769,4643.589743,4026.153846,4047.692307
10,4384.102564,4511.282051,4520.512820,4247.179487,4507.692307,4237.948717,4433.333333,4216.410256,4237.948717,4533.333333,4171.282051,4638.974358,4010.256410,4042.051282
11,4381.538461,4515.897435,4520.000000,4244.615384,4505.128205,4240.000000,4429.230769,4214.358974,4233.333333,4527.692307,4165.128205,4637.948717,4005.128205,4037.948717
12,4377.435897,4511.794871,4514.358974,4239.487179,4508.205128,4241.538461,4428.205128,4209.230769,4232.820512,4525.128205,4169.743589,4637.435897,4012.820512,4037.948717
13,4382.564102,4511.282051,4517.435897,4241.538461,4512.307692,4241.538461,4433.846153,4210.256410,4238.461538,4530.256410,4173.333333,4642.564102,4020.000000,4042.564102
14,4394.871794,4520.512820,4524.102564,4250.256410,4512.307692,4247.179487,4445.128205,4217.948717,4242.564102,4538.974358,4175.897435,4649.743589,4024.102564,4048.205128
15,4396.410256,4524.102564,4524.102564,4252.820512,4510.256410,4247.692307,4445.641025,4220.512820,4240.000000,4536.923076,4177.948717,4649.230769,4022.051282,4049.743589
16,4392.820512,4519.487179,4522.564102,4246.666666,4507.179487,4239.487179,4435.897435,4216.410256,4234.358974,4527.692307,4178.461538,4647.179487,4016.923076,4045.641025
17,4397.435897,4523.589743,4527.179487,4250.769230,4510.256410,4239.487179,4436.410256,4215.384615,4238.461538,4530.769230,4179.487179,4654.871794,4022.051282,4047.692307
18,4402.051282,4529.230769,4537.948717,4262.051282,4517.948717,4247.692307,4444.102564,4223.076923,4252.820512,4541.538461,4183.076923,4664.615384,4032.307692,4059.487179
19,4401.538461,4527.179487,4538.974358,4256.923076,4516.410256,4246.153846,4445.128205,4227.179487,4261.538461,4545.641025,4189.743589,4660.512820,4027.692307,4062.051282
20,4398.974358,4521.025641,4527.179487,4248.717948,4512.820512,4239.487179,4442.564102,4223.076923,4252.820512,4540.512820,4187.692307,4653.846153,4021.538461,4052.820512
21,4395.897435,4518.461538,4526.666666,4254.871794,4516.410256,4244.615384,4444.102564,4220.000000,4243.076923,4534.358974,4176.923076,4656.410256,4021.538461,4051.282051
22,4397.435897,4524.102564,4537.435897,4259.487179,4519.487179,4251.282051,4449.230769,4225.641025,4245.641025,4532.307692,4177.948717,4660.512820,4015.897435,4055.897435
23,4402.051282,4527.179487,4538.974358,4256.923076,4519.487179,4248.205128,4449.230769,4229.743589,4249.230769,4534.358974,4187.179487,4661.538461,4014.871794,4055.897435
24,4400.000000,4519.487179,4534.871794,4254.871794,4516.923076,4242.564102,4445.128205,4229.743589,4250.769230,4540.000000,4188.717948,4661.538461,4018.461538,4054.871794
25,4398.974358,4514.358974,4537.435897,4252.307692,4513.846153,4242.564102,4444.615384,4231.282051,4251.794871,4541.538461,4185.128205,4662.564102,4015.384615,4056.410256
26,4404.102564,4518.461538,4540.000000,4248.205128,4512.820512,4241.538461,4444.615384,4227.692307,4246.666666,4539.487179,4186.666666,4665.128205,4013.333333,4060.000000
27,4404.102564,4522.564102,4538.974358,4251.282051,4509.743589,4237.948717,4440.512820,4225.128205,4245.128205,4538.974358,4188.205128,4669.743589,4014.358974,4063.076923
28,4401.025641,4520.512820,4540.512820,4259.487179,4510.256410,4237.948717,4439.487179,4227.692307,4254.871794,4541.025641,4186.666666,4671.794871,4010.769230,4062.564102
29,4401.538461,4521.025641,4541.538461,4263.076923,4513.333333,4243.076923,4443.076923,4234.871794,4258.974358,4544.102564,4187.179487,4671.794871,4010.256410,4062.051282
30,4400.512820,4524.102564,4540.000000,4262.564102,4514.358974,4248.205128,4444.615384,4234.358974,4251.282051,4541.025641,4188.717948,4669.743589,4011.794871,4062.564102
31,4397.435897,4523.589743,4537.948717,4258.974358,4514.358974,4247.179487,4444.615384,4226.153846,4244.102564,4534.358974,4183.589743,4662.051282,4003.589743,4058.461538
32,4397.435897,4521.025641,4534.871794,4255.897435,4513.846153,4241.025641,4443.589743,4218.974358,4238.461538,4530.256410,4174.358974,4657.948717,3998.974359,4052.820512
33,4397.948717,4521.538461,4534.871794,4256.410256,4512.307692,4240.000000,4445.641025,4216.410256,4235.897435,4529.230769,4170.256410,4661.025641,4004.102564,4054.871794
34,4394.871794,4522.564102,4536.923076,4256.410256,4512.820512,4244.102564,4446.153846,4217.948717,4239.487179,4527.179487,4170.769230,4661.538461,3999.487180,4054.871794
35,4391.794871,4518.974358,4531.282051,4248.717948,4516.923076,4244.615384,4443.076923,4217.948717,4241.538461,4523.076923,4170.256410,4656.923076,3989.230770,4046.153846
36,4391.794871,4517.435897,4526.666666,4245.641025,4515.897435,4244.615384,4450.769230,4217.435897,4241.538461,4524.615384,4170.769230,4656.410256,3991.282052,4049.743589
37,4397.435897,4519.487179,4533.333333,4256.410256,4513.333333,4248.205128,4458.461538,4217.948717,4238.461538,4527.179487,4171.794871,4661.025641,3997.948718,4060.000000
38,4404.102564,4526.666666,4540.512820,4262.564102,4515.384615,4245.641025,4453.333333,4221.538461,4239.487179,4526.666666,4175.384615,4665.641025,3996.923077,4058.461538
39,4408.205128,4534.358974,4539.487179,4262.564102,4521.538461,4245.128205,4452.820512,4229.743589,4252.307692,4531.794871,4185.128205,4671.282051,4000.000000,4057.948717
40,4411.282051,4533.846153,4542.051282,4265.641025,4527.179487,4252.820512,4456.923076,4234.358974,4261.025641,4541.538461,4193.846153,4677.435897,4008.717948,4069.743589
41,4407.179487,4528.717948,4543.589743,4266.153846,4524.615384,4253.333333,4455.897435,4232.820512,4251.794871,4538.974358,4189.230769,4674.871794,4007.179487,4071.794871
42,4395.384615,4521.538461,4531.794871,4261.538461,4517.948717,4243.076923,4452.307692,4226.153846,4241.025641,4528.205128,4176.410256,4661.538461,3995.897436,4057.435897
43,4385.641025,4510.769230,4520.000000,4251.282051,4509.743589,4239.487179,4448.717948,4219.487179,4241.538461,4521.538461,4170.769230,4650.769230,3989.743590,4046.666666
44,4383.076923,4502.051282,4519.487179,4244.615384,4506.153846,4240.512820,4444.102564,4216.923076,4238.974358,4518.974358,4166.153846,4647.692307,3987.179488,4044.102564
45,4382.564102,4505.641025,4523.076923,4245.641025,4509.230769,4236.923076,4443.589743,4217.948717,4236.410256,4520.512820,4160.000000,4649.230769,3984.615385,4046.666666
46,4386.153846,4513.333333,4522.051282,4248.205128,4509.230769,4237.435897,4443.589743,4221.025641,4237.948717,4523.589743,4165.128205,4651.282051,3985.128206,4048.205128
47,4390.256410,4511.794871,4522.564102,4249.743589,4506.666666,4240.512820,4442.564102,4221.025641,4238.461538,4519.487179,4176.410256,4651.794871,3989.743590,4044.102564
48,4387.179487,4507.179487,4524.102564,4249.743589,4511.282051,4240.512820,4446.153846,4217.948717,4237.948717,4515.384615,4174.871794,4650.256410,3989.743590,4041.025641
49,4382.564102,4508.717948,4523.076923,4248.205128,4513.846153,4241.025641,4445.641025,4216.410256,4240.512820,4517.948717,4164.102564,4646.666666,3983.589744,4043.076923
50,4390.256410,4520.000000,4530.256410,4257.435897,4512.307692,4245.641025,4446.666666,4220.000000,4247.692307,4521.025641,4166.153846,4650.256410,3988.717949,4048.205128
51,4393.846153,4522.051282,4538.974358,4268.205128,4514.871794,4245.641025,4446.666666,4225.128205,4249.743589,4527.179487,4182.564102,4657.948717,4002.564102,4052.820512
52,4384.615384,4506.666666,4537.435897,4255.384615,4512.307692,4239.487179,4443.076923,4230.769230,4247.692307,4532.307692,4190.256410,4660.000000,3999.487180,4052.307692
53,4385.128205,4506.666666,4530.256410,4250.769230,4511.282051,4243.076923,4450.769230,4233.333333,4250.769230,4528.717948,4176.923076,4656.410256,3990.769231,4049.743589
54,4389.743589,4518.461538,4525.641025,4260.512820,4516.410256,4247.692307,4458.974358,4227.692307,4248.717948,4520.000000,4165.128205,4651.282051,3987.179488,4046.666666
55,4381.025641,4512.307692,4520.512820,4254.871794,4513.333333,4240.512820,4447.692307,4217.948717,4236.410256,4510.769230,4167.179487,4645.128205,3979.487180,4040.000000
56,4375.384615,4508.205128,4520.000000,4250.256410,4508.717948,4234.871794,4442.051282,4213.846153,4232.307692,4510.769230,4167.179487,4644.102564,3977.435898,4036.410256
57,4382.564102,4518.461538,4525.641025,4256.410256,4515.897435,4244.102564,4456.410256,4216.410256,4243.076923,4512.820512,4164.102564,4648.205128,3982.051283,4042.564102
58,4384.102564,4516.923076,4526.153846,4251.794871,4520.000000,4250.256410,4458.461538,4219.487179,4250.256410,4512.307692,4162.564102,4647.692307,3976.410257,4045.128205
59,4382.564102,4513.333333,4522.051282,4249.230769,4516.923076,4246.153846,4448.717948,4221.538461,4247.179487,4514.358974,4162.051282,4646.153846,3974.871795,4041.538461
60,4386.153846,4523.589743,4527.692307,4262.051282,4521.025641,4248.717948,4454.871794,4222.564102,4247.179487,4516.410256,4168.717948,4649.743589,3987.179488,4044.102564
61,4385.128205,4526.666666,4535.384615,4264.615384,4525.128205,4251.282051,4457.948717,4220.000000,4250.769230,4514.871794,4175.897435,4652.820512,3989.743590,4054.358974
62,4384.102564,4517.435897,4531.282051,4259.487179,4518.974358,4245.128205,4446.153846,4215.897435,4246.153846,4513.333333,4172.307692,4651.794871,3982.051283,4054.358974
63,4382.051282,4512.820512,4524.102564,4256.410256,4511.794871,4239.487179,4437.948717,4215.384615,4240.512820,4514.358974,4168.205128,4649.230769,3977.435898,4045.128205
64,4375.384615,4513.333333,4523.589743,4249.230769,4512.820512,4241.025641,4441.538461,4215.897435,4242.051282,4512.820512,4170.256410,4647.692307,3973.846154,4041.025641
65,4368.717948,4511.794871,4520.512820,4247.179487,4513.333333,4240.512820,4444.615384,4209.230769,4235.897435,4507.179487,4166.153846,4641.538461,3969.743590,4038.974358
66,4364.615384,4504.615384,4516.410256,4248.717948,4511.794871,4238.974358,4442.051282,4202.564102,4224.615384,4501.025641,4158.461538,4632.307692,3965.128206,4029.743589
67,4362.564102,4502.051282,4525.128205,4246.153846,4511.794871,4240.512820,4442.051282,4203.076923,4228.205128,4500.512820,4160.000000,4629.743589,3965.641026,4024.615384
68,4367.179487,4505.128205,4542.051282,4247.692307,4511.282051,4238.974358,4445.641025,4206.153846,4235.897435,4508.205128,4166.666666,4635.384615,3971.794872,4031.282051
69,4376.923076,4511.282051,4552.307692,4256.410256,4513.333333,4237.948717,4445.641025,4210.769230,4239.487179,4513.846153,4172.820512,4644.615384,3975.897436,4039.487179
70,4381.538461,4515.897435,4554.358974,4259.487179,4518.461538,4245.128205,4448.205128,4217.435897,4242.051282,4514.358974,4174.358974,4647.692307,3977.435898,4041.538461
71,4377.435897,4512.307692,4553.846153,4257.948717,4517.435897,4248.205128,4456.410256,4218.974358,4243.589743,4511.282051,4172.307692,4644.102564,3978.461539,4039.487179
72,4373.846153,4511.282051,4555.384615,4261.538461,4516.410256,4244.615384,4456.410256,4215.384615,4242.564102,4510.769230,4170.769230,4643.589743,3976.410257,4039.487179
73,4378.974358,4520.512820,4555.897435,4265.641025,4523.076923,4246.666666,4443.076923,4214.871794,4244.102564,4513.333333,4171.282051,4648.205128,3976.410257,4045.128205
74,4389.743589,4524.615384,4558.461538,4266.666666,4522.051282,4250.256410,4442.564102,4219.487179,4251.282051,4514.871794,4179.487179,4654.871794,3984.615385,4052.307692
75,4393.333333,4524.102564,4564.102564,4269.230769,4522.051282,4252.820512,4456.410256,4224.102564,4262.051282,4521.538461,4184.615384,4658.974358,3992.820513,4055.384615
76,4385.641025,4524.615384,4562.564102,4267.692307,4525.641025,4252.307692,4460.512820,4219.487179,4258.461538,4526.153846,4182.051282,4654.871794,3992.820513,4053.333333
77,4377.435897,4519.487179,4554.871794,4261.025641,4522.564102,4248.205128,4456.923076,4214.871794,4244.615384,4521.538461,4181.538461,4646.666666,3987.179488,4047.179487
78,4381.538461,4518.974358,4554.871794,4263.076923,4522.051282,4250.769230,4460.000000,4217.948717,4247.179487,4517.948717,4180.512820,4648.717948,3982.564103,4043.589743
79,4386.153846,4525.641025,4558.974358,4266.153846,4526.153846,4253.846153,4463.076923,4219.487179,4252.307692,4518.461538,4170.256410,4652.307692,3979.487180,4043.589743
80,4373.846153,4517.435897,4548.717948,4254.358974,4521.025641,4249.230769,4456.923076,4214.871794,4244.102564,4513.846153,4165.128205,4640.512820,3971.282052,4037.435897
81,4361.025641,4504.615384,4538.974358,4242.051282,4513.846153,4245.641025,4454.358974,4213.333333,4241.025641,4509.230769,4169.230769,4631.794871,3969.230770,4031.282051
82,4367.692307,4510.769230,4545.641025,4248.717948,4517.435897,4248.717948,4460.000000,4216.410256,4247.179487,4515.384615,4171.794871,4639.487179,3975.897436,4038.974358
83,4378.461538,4524.102564,4554.358974,4259.487179,4523.076923,4247.692307,4456.923076,4217.948717,4251.282051,4524.615384,4175.384615,4650.769230,3981.538462,4050.769230
84,4377.948717,4522.564102,4554.358974,4258.974358,4520.512820,4242.051282,4443.589743,4215.897435,4249.743589,4522.051282,4176.923076,4648.205128,3981.025642,4050.769230
85,4378.974358,4519.487179,4551.794871,4257.948717,4518.461538,4244.102564,4438.974358,4214.871794,4248.205128,4518.461538,4175.897435,4643.589743,3985.128206,4047.179487
86,4384.615384,4525.128205,4555.384615,4264.615384,4521.025641,4249.230769,4447.179487,4217.435897,4252.820512,4525.641025,4183.589743,4650.256410,3994.358975,4052.820512
87,4385.128205,4527.179487,4556.923076,4266.153846,4522.051282,4249.230769,4449.230769,4221.025641,4259.487179,4529.743589,4189.230769,4654.871794,3995.384616,4054.871794
88,4380.512820,4518.974358,4552.307692,4258.974358,4521.025641,4248.717948,4449.230769,4216.410256,4251.794871,4524.615384,4178.974358,4648.205128,3990.769231,4046.666666
89,4377.948717,4513.846153,4549.230769,4257.435897,4522.051282,4248.717948,4454.871794,4212.307692,4240.000000,4521.025641,4170.769230,4641.538461,3990.256411,4041.538461
90,4375.897435,4517.948717,4551.282051,4258.974358,4521.538461,4247.692307,4453.333333,4214.871794,4243.076923,4522.564102,4177.948717,4644.615384,3991.794872,4045.641025
91,4374.358974,4522.564102,4549.743589,4252.307692,4519.487179,4246.666666,4445.128205,4215.897435,4251.282051,4524.102564,4188.205128,4646.153846,3987.692308,4046.666666
92,4375.897435,4523.589743,4548.717948,4253.333333,4522.564102,4247.179487,4444.615384,4214.358974,4249.743589,4523.076923,4187.179487,4643.589743,3987.692308,4043.076923
93,4376.923076,4521.538461,4550.769230,4259.487179,4521.538461,4247.692307,4445.641025,4213.333333,4245.641025,4520.000000,4177.948717,4643.589743,3990.769231,4045.128205
94,4373.333333,4517.948717,4543.076923,4253.846153,4513.333333,4247.692307,4437.948717,4209.743589,4245.641025,4519.487179,4173.333333,4640.512820,3985.128206,4046.666666
95,4373.333333,4517.435897,4538.461538,4250.769230,4509.230769,4242.564102,4431.282051,4209.230769,4244.102564,4517.948717,4176.410256,4638.974358,3982.051283,4048.717948
96,4383.589743,4525.128205,4549.230769,4263.589743,4513.333333,4242.051282,4431.794871,4218.461538,4248.205128,4523.076923,4185.641025,4646.666666,3993.846154,4057.435897
97,4390.256410,4531.282051,4557.435897,4267.179487,4516.923076,4246.666666,4436.410256,4226.153846,4254.358974,4536.923076,4193.333333,4652.820512,4005.641025,4063.589743
98,4382.564102,4522.564102,4551.282051,4254.358974,4511.282051,4240.512820,4441.025641,4218.974358,4246.666666,4532.307692,4187.179487,4647.179487,4000.000000,4054.358974
99,4377.435897,4514.871794,4543.076923,4248.205128,4508.205128,4236.410256,4442.051282,4212.307692,4238.461538,4516.410256,4178.461538,4643.076923,3996.923077,4043.589743
100,4381.538461,4518.461538,4541.025641,4246.666666,4512.820512,4243.076923,4443.076923,4214.871794,4244.102564,4514.871794,4175.384615,4642.051282,4007.179487,4044.615384
101,4381.025641,4521.025641,4542.051282,4245.128205,4514.358974,4241.538461,4443.076923,4213.846153,4241.538461,4515.897435,4172.307692,4637.948717,4011.794871,4044.615384
102,4377.435897,4518.461538,4541.538461,4247.179487,4507.179487,4237.435897,4442.051282,4208.205128,4235.897435,4511.282051,4164.102564,4634.871794,4006.666666,4038.461538
103,4379.487179,4511.282051,4540.000000,4245.128205,4505.128205,4237.435897,4438.974358,4210.256410,4242.051282,4509.743589,4155.384615,4635.384615,4005.641025,4039.487179
104,4381.538461,4508.717948,4540.512820,4242.051282,4510.256410,4237.948717,4438.461538,4216.410256,4243.076923,4513.333333,4160.000000,4637.435897,4018.461538,4045.641025
105,4382.564102,4510.256410,4540.512820,4241.538461,4507.692307,4235.897435,4439.487179,4215.384615,4235.897435,4516.410256,4171.794871,4640.000000,4028.717948,4045.641025
106,4389.743589,4511.794871,4543.589743,4244.615384,4504.102564,4235.897435,4438.974358,4217.435897,4238.974358,4520.000000,4176.410256,4643.589743,4030.769230,4049.743589
107,4397.948717,4517.948717,4554.358974,4247.692307,4510.256410,4241.025641,4435.384615,4231.282051,4248.717948,4526.153846,4178.461538,4648.717948,4039.487179,4061.538461
108,4397.435897,4521.538461,4557.948717,4249.230769,4514.358974,4244.615384,4431.794871,4234.871794,4250.769230,4530.256410,4182.564102,4649.743589,4047.179487,4061.538461
109,4393.846153,4515.897435,4552.307692,4248.205128,4510.256410,4238.974358,4434.358974,4223.589743,4248.205128,4522.564102,4175.384615,4645.128205,4040.512820,4052.820512
110,4393.846153,4513.846153,4551.794871,4245.128205,4511.794871,4236.410256,4443.076923,4221.025641,4245.641025,4514.871794,4167.179487,4640.000000,4035.897435,4052.820512
111,4398.461538,4518.974358,4556.923076,4245.128205,4520.000000,4248.205128,4451.794871,4226.666666,4246.666666,4518.974358,4176.923076,4645.128205,4037.948717,4058.461538
112,4400.000000,4517.435897,4553.333333,4247.179487,4521.538461,4254.358974,4451.282051,4224.102564,4247.692307,4520.512820,4176.410256,4647.179487,4033.846153,4052.307692
113,4392.307692,4511.794871,4544.102564,4243.589743,4516.410256,4245.128205,4445.128205,4214.358974,4237.435897,4512.307692,4164.102564,4637.435897,4025.641025,4042.564102
114,4387.179487,4511.794871,4545.641025,4242.051282,4512.307692,4238.974358,4441.538461,4215.384615,4232.820512,4508.717948,4163.589743,4631.794871,4024.102564,4044.102564
115,4392.307692,4515.897435,4554.358974,4247.179487,4509.230769,4242.051282,4443.589743,4226.666666,4243.076923,4515.897435,4176.410256,4642.564102,4033.846153,4052.820512
116,4393.846153,4516.923076,4554.871794,4242.564102,4507.692307,4240.512820,4445.128205,4227.692307,4248.717948,4522.051282,4185.641025,4651.282051,4038.974358,4055.384615
117,4388.205128,4509.743589,4550.256410,4232.307692,4507.692307,4234.871794,4438.974358,4222.051282,4240.000000,4518.974358,4181.025641,4646.153846,4030.256410,4051.794871
118,4391.794871,4511.794871,4553.333333,4240.000000,4506.666666,4236.923076,4437.948717,4225.641025,4242.051282,4520.000000,4176.923076,4649.230769,4031.282051,4055.897435
119,4403.589743,4525.128205,4561.538461,4255.384615,4508.205128,4241.025641,4442.051282,4229.743589,4253.846153,4528.717948,4186.666666,4662.051282,4045.128205,4066.666666
120,4402.564102,4528.205128,4562.051282,4252.307692,4512.820512,4241.538461,4436.923076,4221.538461,4251.794871,4528.717948,4191.282051,4661.538461,4042.051282,4067.692307
121,4390.769230,4520.512820,4552.307692,4239.487179,4515.384615,4242.051282,4432.820512,4214.358974,4240.000000,4520.512820,4181.538461,4647.692307,4023.589743,4054.871794
122,4382.564102,4513.846153,4541.025641,4234.358974,4511.282051,4238.974358,4437.435897,4209.743589,4231.794871,4513.333333,4172.820512,4637.435897,4012.820512,4044.102564
123,4378.974358,4504.102564,4536.923076,4232.820512,4505.641025,4231.282051,4432.820512,4198.974358,4225.641025,4504.615384,4164.102564,4631.794871,4005.641025,4037.948717
124,4379.487179,4502.564102,4535.897435,4230.769230,4507.179487,4231.282051,4429.743589,4199.487179,4225.128205,4504.615384,4157.435897,4630.256410,4002.051282,4035.897435
125,4386.666666,4515.384615,4537.948717,4234.358974,4516.410256,4241.538461,4441.538461,4213.333333,4233.333333,4512.820512,4168.717948,4637.948717,4009.743589,4046.666666
126,4394.358974,4520.512820,4542.051282,4238.461538,4520.000000,4247.692307,4443.076923,4217.948717,4238.974358,4514.871794,4177.435897,4643.589743,4022.051282,4054.871794
127,4391.794871,4512.820512,4540.000000,4234.358974,4513.333333,4242.051282,4429.230769,4212.307692,4235.384615,4514.871794,4173.333333,4641.025641,4025.641025,4047.692307
128,4385.641025,4511.282051,4536.410256,4232.820512,4504.615384,4232.307692,4426.153846,4211.282051,4235.897435,4516.923076,4172.820512,4639.487179,4023.589743,4043.589743
129,4394.871794,4524.615384,4545.128205,4245.128205,4505.641025,4235.897435,4436.923076,4222.564102,4244.102564,4523.589743,4177.435897,4645.641025,4031.282051,4057.435897
130,4411.794871,4537.435897,4558.974358,4261.025641,4520.000000,4247.179487,4446.153846,4235.897435,4256.923076,4537.948717,4188.717948,4655.897435,4043.589743,4073.846153
131,4414.358974,4536.410256,4560.512820,4263.076923,4524.615384,4249.743589,4448.717948,4234.871794,4266.153846,4544.615384,4197.948717,4657.948717,4041.025641,4073.333333
132,4403.589743,4527.692307,4553.846153,4251.282051,4515.384615,4244.615384,4444.102564,4224.615384,4254.871794,4532.820512,4188.205128,4649.743589,4024.615384,4060.000000
133,4394.871794,4523.076923,4545.641025,4244.102564,4512.307692,4242.051282,4438.461538,4213.846153,4231.282051,4518.461538,4170.769230,4640.000000,4010.769230,4049.743589
134,4393.333333,4523.076923,4541.538461,4248.717948,4517.948717,4244.615384,4437.948717,4205.128205,4227.179487,4517.435897,4169.743589,4638.461538,4007.179487,4051.794871
135,4394.358974,4524.615384,4541.025641,4250.769230,4519.487179,4245.641025,4442.051282,4205.128205,4234.871794,4520.000000,4177.435897,4641.025641,4008.717948,4055.384615
136,4394.871794,4528.205128,4541.025641,4245.128205,4515.897435,4244.615384,4443.589743,4212.820512,4231.282051,4520.000000,4182.564102,4643.076923,4007.692307,4053.333333
137,4397.948717,4530.256410,4546.153846,4247.692307,4517.948717,4247.179487,4442.564102,4216.410256,4230.769230,4524.615384,4188.205128,4647.692307,4008.205128,4056.410256
138,4400.000000,4524.615384,4552.820512,4254.358974,4523.076923,4249.743589,4443.076923,4215.897435,4237.948717,4528.717948,4189.230769,4648.717948,4009.743589,4060.000000
139,4394.871794,4523.076923,4546.153846,4251.282051,4518.974358,4245.128205,4437.948717,4212.307692,4238.974358,4527.179487,4183.589743,4646.153846,4007.692307,4055.384615
140,4389.230769,4525.641025,4536.923076,4248.205128,4512.307692,4238.974358,4429.230769,4206.666666,4233.333333,4521.538461,4176.410256,4642.564102,4006.666666,4049.743589
141,4391.282051,4523.076923,4538.974358,4255.897435,4511.794871,4240.512820,4426.666666,4206.153846,4230.769230,4520.512820,4176.410256,4642.051282,4007.692307,4050.769230
142,4392.820512,4521.025641,4541.025641,4258.461538,4512.820512,4238.974358,4426.666666,4208.205128,4233.846153,4525.128205,4186.666666,4646.666666,4008.717948,4051.282051
143,4386.153846,4521.025641,4537.435897,4252.820512,4507.692307,4231.794871,4426.666666,4209.230769,4233.846153,4527.692307,4186.666666,4648.205128,4008.717948,4046.153846
144,4378.461538,4515.384615,4535.897435,4245.128205,4504.615384,4231.282051,4429.743589,4212.307692,4230.256410,4526.153846,4174.358974,4641.025641,4003.589743,4041.538461
145,4374.358974,4508.205128,4532.307692,4235.897435,4502.564102,4232.820512,4433.846153,4216.410256,4231.794871,4525.641025,4167.692307,4635.384615,3993.846154,4039.487179
146,4374.358974,4506.153846,4527.179487,4232.307692,4501.025641,4229.230769,4433.333333,4215.384615,4232.307692,4528.717948,4169.743589,4635.897435,3992.820513,4041.025641
147,4372.307692,4507.692307,4524.615384,4236.410256,4505.641025,4230.256410,4431.794871,4209.743589,4225.641025,4524.102564,4166.153846,4633.846153,3996.410257,4042.051282
148,4370.256410,4507.692307,4523.076923,4235.897435,4506.666666,4233.333333,4428.717948,4202.564102,4221.025641,4515.897435,4157.435897,4630.256410,3989.743590,4037.435897
149,4372.307692,4505.641025,4525.641025,4230.769230,4502.051282,4228.717948,4425.128205,4198.974358,4222.051282,4512.307692,4158.461538,4628.717948,3982.564103,4031.282051
150,4376.923076,4508.717948,4533.846153,4239.487179,4504.615384,4229.230769,4426.153846,4209.230769,4232.307692,4521.538461,4172.307692,4634.358974,3991.794872,4036.410256
151,4383.589743,4518.974358,4540.512820,4248.717948,4513.846153,4237.948717,4429.743589,4217.435897,4241.025641,4533.333333,4181.538461,4643.589743,4005.128205,4046.666666
152,4384.615384,4519.487179,4535.384615,4241.025641,4513.846153,4240.512820,4430.256410,4210.769230,4230.256410,4525.128205,4174.871794,4640.000000,4000.512820,4046.666666
153,4381.025641,4516.923076,4527.179487,4240.000000,4509.230769,4236.410256,4429.230769,4205.641025,4222.564102,4515.384615,4168.205128,4630.769230,3991.282052,4042.051282
154,4377.435897,4516.923076,4525.128205,4244.615384,4508.717948,4232.307692,4424.102564,4204.102564,4228.717948,4520.000000,4167.179487,4632.820512,3991.282052,4040.000000
155,4376.410256,4512.307692,4524.102564,4238.974358,4505.641025,4230.256410,4420.512820,4199.487179,4228.205128,4521.025641,4165.641025,4633.846153,3993.333334,4036.923076
156,4381.025641,4514.358974,4528.717948,4237.435897,4507.692307,4236.410256,4425.641025,4202.564102,4224.102564,4517.435897,4170.769230,4634.358974,3995.897436,4042.564102
157,4386.153846,4521.538461,4537.435897,4248.205128,4515.384615,4242.564102,4430.256410,4212.307692,4232.307692,4524.102564,4181.538461,4640.512820,3999.487180,4053.846153
158,4384.102564,4519.487179,4537.948717,4250.769230,4512.820512,4237.435897,4428.205128,4207.179487,4237.948717,4528.717948,4180.000000,4637.435897,3991.794872,4051.282051
159,4376.410256,4513.333333,4527.179487,4243.589743,4503.589743,4230.256410,4425.128205,4197.948717,4227.179487,4518.461538,4163.076923,4626.666666,3983.076924,4040.512820
160,4373.333333,4511.794871,4520.000000,4239.487179,4506.153846,4232.820512,4425.641025,4199.487179,4222.051282,4512.820512,4159.487179,4629.230769,3987.179488,4038.461538
161,4378.461538,4512.307692,4529.230769,4242.564102,4509.230769,4233.846153,4426.153846,4201.025641,4228.205128,4517.948717,4173.846153,4636.923076,3993.846154,4038.974358
162,4381.538461,4512.307692,4533.846153,4245.128205,4504.615384,4231.794871,4426.153846,4201.025641,4226.153846,4520.512820,4180.512820,4635.384615,3993.333334,4039.487179
163,4377.948717,4513.846153,4525.128205,4241.025641,4502.051282,4231.282051,4422.564102,4198.974358,4221.538461,4515.384615,4173.333333,4631.794871,3990.256411,4042.051282
164,4376.410256,4513.846153,4525.128205,4240.000000,4504.102564,4230.256410,4421.538461,4197.948717,4227.179487,4514.871794,4170.769230,4633.333333,3990.769231,4041.538461
165,4376.923076,4511.794871,4532.307692,4246.666666,4505.641025,4233.333333,4424.615384,4199.487179,4227.692307,4523.076923,4174.871794,4634.871794,3993.846154,4038.974358
166,4375.384615,4512.307692,4530.256410,4246.666666,4506.153846,4234.871794,4428.205128,4201.538461,4224.102564,4525.128205,4173.333333,4632.307692,3994.871795,4042.051282
167,4374.871794,4516.923076,4524.615384,4242.564102,4504.102564,4232.307692,4428.205128,4196.923076,4226.153846,4521.025641,4169.743589,4631.794871,3991.794872,4044.615384
168,4376.923076,4518.461538,4527.692307,4244.102564,4501.025641,4230.256410,4424.615384,4190.256410,4223.589743,4519.487179,4174.871794,4633.333333,3990.769231,4044.615384
169,4376.923076,4517.948717,4537.435897,4247.692307,4502.051282,4231.282051,4425.128205,4193.846153,4222.051282,4523.589743,4182.564102,4635.384615,3993.846154,4046.666666
170,4374.871794,4520.000000,4538.461538,4246.666666,4506.666666,4233.333333,4429.230769,4201.538461,4224.615384,4528.205128,4180.512820,4636.923076,3995.384616,4046.666666
171,4367.692307,4516.923076,4527.692307,4242.051282,4507.692307,4233.333333,4425.128205,4201.025641,4223.589743,4524.102564,4171.794871,4634.358974,3992.307693,4041.025641
172,4362.564102,4512.307692,4520.000000,4236.410256,4501.538461,4227.692307,4414.871794,4193.846153,4224.615384,4517.948717,4168.205128,4631.282051,3989.743590,4036.410256
173,4368.717948,4515.384615,4525.128205,4238.461538,4495.384615,4222.564102,4409.230769,4192.820512,4226.666666,4517.948717,4173.846153,4634.871794,3992.820513,4040.512820
174,4374.871794,4518.461538,4534.358974,4245.641025,4500.000000,4226.666666,4413.333333,4197.435897,4223.589743,4520.512820,4181.025641,4641.025641,3994.871795,4045.128205
175,4371.794871,4519.487179,4536.410256,4247.179487,4508.205128,4232.820512,4422.564102,4201.025641,4227.692307,4523.589743,4185.128205,4641.025641,3990.769231,4045.641025
176,4367.179487,4522.051282,4528.717948,4246.666666,4507.692307,4233.333333,4427.179487,4202.051282,4235.384615,4524.615384,4180.512820,4637.948717,3991.794872,4043.589743
177,4366.153846,4518.974358,4522.564102,4246.153846,4503.589743,4230.769230,4426.153846,4199.487179,4230.256410,4522.051282,4170.256410,4635.384615,3994.358975,4042.564102
178,4363.589743,4512.820512,4523.589743,4241.025641,4505.128205,4231.282051,4422.051282,4192.307692,4220.512820,4517.435897,4159.487179,4631.794871,3987.179488,4039.487179
179,4355.897435,4510.769230,4522.564102,4236.923076,4507.179487,4232.307692,4414.871794,4185.128205,4214.358974,4509.230769,4156.923076,4626.153846,3980.512821,4032.820512
180,4354.871794,4511.282051,4521.025641,4237.435897,4502.564102,4228.717948,4411.794871,4184.615384,4213.846153,4506.666666,4168.205128,4626.153846,3981.538462,4032.820512
181,4358.461538,4509.743589,4521.538461,4235.384615,4496.410256,4225.128205,4413.333333,4189.743589,4217.948717,4513.333333,4171.282051,4627.179487,3986.153847,4035.897435
182,4361.025641,4512.820512,4521.025641,4237.435897,4497.948717,4227.692307,4416.410256,4196.923076,4223.076923,4519.487179,4164.102564,4626.666666,3989.230770,4037.948717
183,4364.615384,4522.564102,4523.589743,4246.666666,4504.102564,4231.794871,4420.512820,4202.564102,4232.307692,4523.589743,4170.769230,4632.820512,3993.333334,4044.615384
184,4368.717948,4524.102564,4524.615384,4248.205128,4504.615384,4231.282051,4421.025641,4205.641025,4239.487179,4528.205128,4184.102564,4641.538461,3997.435898,4051.282051
185,4371.794871,4524.615384,4527.179487,4246.153846,4506.666666,4232.820512,4419.487179,4208.205128,4240.000000,4529.230769,4187.179487,4645.128205,4000.000000,4054.358974
186,4371.794871,4528.717948,4531.794871,4250.256410,4509.743589,4234.358974,4426.153846,4207.692307,4236.923076,4528.205128,4185.641025,4643.076923,4001.025641,4054.871794
187,4366.666666,4520.512820,4526.666666,4250.256410,4505.128205,4231.282051,4426.666666,4203.589743,4232.307692,4523.076923,4181.538461,4638.974358,3997.948718,4048.717948
188,4358.461538,4509.743589,4520.000000,4244.615384,4504.102564,4229.743589,4417.948717,4201.025641,4225.641025,4514.871794,4172.820512,4633.846153,3992.307693,4042.051282
189,4358.974358,4514.871794,4521.538461,4243.076923,4506.153846,4231.794871,4418.461538,4200.512820,4223.076923,4511.794871,4171.282051,4631.794871,3992.307693,4045.641025
190,4363.076923,4521.025641,4523.076923,4246.666666,4504.102564,4229.743589,4425.641025,4198.974358,4224.615384,4513.846153,4181.025641,4631.282051,3997.435898,4048.205128
191,4363.076923,4517.435897,4522.051282,4250.256410,4505.128205,4230.256410,4427.692307,4200.000000,4229.743589,4517.435897,4187.179487,4633.333333,4003.589743,4046.153846
192,4365.128205,4518.461538,4525.641025,4251.794871,4508.717948,4239.487179,4428.717948,4206.666666,4234.871794,4523.589743,4187.692307,4640.512820,4009.230769,4051.282051
193,4369.230769,4524.615384,4527.692307,4252.820512,4509.230769,4240.512820,4430.769230,4208.717948,4237.948717,4521.538461,4188.717948,4643.076923,4008.205128,4056.410256
194,4363.076923,4524.102564,4524.102564,4250.769230,4508.717948,4234.358974,4427.179487,4204.102564,4240.512820,4515.384615,4187.179487,4636.410256,4000.000000,4049.743589
195,4354.358974,4516.923076,4521.025641,4247.692307,4503.589743,4229.743589,4417.435897,4198.974358,4232.820512,4512.307692,4178.974358,4631.794871,3995.897436,4041.025641
196,4354.871794,4513.333333,4519.487179,4247.692307,4494.358974,4225.641025,4408.717948,4198.461538,4223.076923,4512.307692,4173.846153,4631.282051,3993.846154,4040.512820
197,4359.487179,4516.410256,4519.487179,4247.179487,4496.923076,4224.102564,4409.743589,4200.000000,4225.641025,4512.307692,4174.871794,4631.282051,3992.307693,4040.512820
198,4363.076923,4515.384615,4519.487179,4241.025641,4503.076923,4229.743589,4421.538461,4200.512820,4230.256410,4511.794871,4173.333333,4631.282051,4001.025641,4037.948717
199,4364.102564,4510.769230,4520.000000,4239.487179,4502.564102,4231.282051,4428.205128,4202.564102,4230.256410,4510.256410,4174.871794,4631.282051,4010.769230,4041.025641
200,4366.153846,4514.871794,4524.102564,4246.153846,4502.564102,4229.230769,4425.641025,4209.230769,4232.307692,4514.358974,4183.076923,4632.820512,4018.974358,4045.641025
201,4375.384615,4523.589743,4535.897435,4250.769230,4508.205128,4235.384615,4433.333333,4217.435897,4240.512820,4524.102564,4190.256410,4643.076923,4033.846153,4050.769230
202,4379.487179,4526.153846,4537.948717,4249.743589,4511.282051,4238.461538,4441.025641,4216.923076,4245.128205,4523.076923,4185.641025,4648.717948,4043.076923,4054.358974
203,4371.282051,4517.435897,4526.666666,4242.051282,4503.076923,4230.256410,4433.333333,4208.205128,4238.461538,4510.769230,4175.384615,4640.000000,4038.461538,4053.333333
204,4369.230769,4509.230769,4520.512820,4233.846153,4494.871794,4225.128205,4423.589743,4200.512820,4225.128205,4505.128205,4170.769230,4631.794871,4034.871794,4048.717948
205,4369.743589,4512.820512,4524.102564,4233.846153,4498.461538,4228.717948,4421.538461,4196.923076,4221.538461,4506.666666,4172.820512,4631.282051,4033.333333,4043.076923
206,4368.717948,4522.051282,4528.717948,4243.076923,4505.641025,4231.794871,4423.076923,4206.153846,4232.820512,4512.820512,4178.461538,4636.923076,4036.923076,4045.641025
207,4383.076923,4527.179487,4537.948717,4254.871794,4511.794871,4239.487179,4428.205128,4225.128205,4245.128205,4524.102564,4191.794871,4652.307692,4054.871794,4063.589743
208,4393.846153,4529.743589,4544.615384,4257.435897,4518.974358,4245.641025,4428.717948,4230.256410,4247.692307,4528.717948,4197.948717,4660.000000,4065.641025,4074.358974
209,4383.589743,4526.153846,4534.871794,4249.743589,4515.384615,4240.512820,4422.564102,4219.487179,4237.948717,4514.871794,4179.487179,4649.230769,4051.282051,4059.487179
210,4374.871794,4521.025641,4523.076923,4244.102564,4505.128205,4235.897435,4423.076923,4213.846153,4225.128205,4503.076923,4163.076923,4638.974358,4037.435897,4044.615384
211,4375.897435,4516.410256,4523.589743,4242.564102,4507.179487,4238.461538,4428.205128,4217.435897,4230.256410,4507.179487,4171.282051,4642.051282,4038.974358,4048.717948
212,4374.871794,4512.307692,4526.666666,4236.923076,4511.794871,4236.410256,4426.153846,4217.435897,4238.974358,4510.256410,4182.564102,4644.102564,4040.512820,4050.769230
213,4373.846153,4509.230769,4524.102564,4232.307692,4502.051282,4228.717948,4421.538461,4210.256410,4226.666666,4501.025641,4178.461538,4640.512820,4038.461538,4045.128205
214,4375.897435,4514.358974,4522.564102,4234.871794,4496.923076,4227.179487,4418.974358,4205.641025,4212.820512,4495.897435,4172.307692,4640.000000,4042.051282,4048.717948
215,4374.358974,4520.000000,4523.589743,4235.384615,4501.025641,4229.230769,4416.923076,4212.307692,4219.487179,4502.051282,4172.820512,4639.487179,4041.538461,4052.307692
216,4370.769230,4513.846153,4520.000000,4229.230769,4497.435897,4227.179487,4413.333333,4216.410256,4225.641025,4503.589743,4169.230769,4634.358974,4031.282051,4042.564102
217,4373.333333,4513.333333,4522.051282,4234.358974,4497.948717,4229.230769,4416.410256,4215.897435,4223.076923,4502.564102,4170.256410,4637.435897,4031.282051,4043.589743
218,4388.205128,4529.743589,4537.948717,4254.871794,4511.794871,4238.974358,4427.179487,4224.615384,4234.358974,4513.846153,4190.256410,4653.846153,4052.820512,4065.128205
219,4397.948717,4538.974358,4550.769230,4263.589743,4518.461538,4244.615384,4433.846153,4231.282051,4245.128205,4525.641025,4206.153846,4663.589743,4066.153846,4077.435897
220,4386.666666,4526.153846,4541.025641,4252.820512,4506.666666,4234.358974,4427.179487,4222.051282,4233.846153,4521.538461,4191.794871,4653.333333,4051.282051,4065.128205
221,4371.282051,4512.820512,4524.102564,4238.974358,4495.384615,4219.487179,4418.974358,4209.743589,4224.102564,4508.717948,4179.487179,4641.538461,4034.358974,4052.307692
222,4371.794871,4514.358974,4524.615384,4238.974358,4501.538461,4223.076923,4423.589743,4210.256410,4233.333333,4506.666666,4188.205128,4644.615384,4037.948717,4056.410256
223,4376.923076,4514.358974,4530.256410,4244.615384,4506.666666,4232.307692,4430.256410,4212.307692,4233.333333,4512.820512,4185.641025,4645.641025,4047.179487,4059.487179
224,4369.743589,4508.717948,4522.051282,4238.461538,4499.487179,4228.205128,4421.538461,4204.615384,4218.974358,4511.282051,4174.871794,4635.384615,4045.641025,4050.256410
225,4366.153846,4506.153846,4518.461538,4235.384615,4494.871794,4221.538461,4411.794871,4201.538461,4218.974358,4505.641025,4183.076923,4636.410256,4038.461538,4047.692307
226,4375.897435,4508.717948,4532.820512,4242.051282,4494.871794,4221.025641,4417.435897,4212.820512,4226.153846,4507.692307,4192.307692,4648.205128,4037.948717,4054.871794
227,4377.435897,4513.333333,4538.974358,4244.615384,4494.358974,4224.102564,4426.666666,4220.512820,4227.179487,4512.820512,4188.205128,4648.205128,4041.538461,4054.358974
228,4369.743589,4515.384615,4531.282051,4241.025641,4496.923076,4226.153846,4428.205128,4216.410256,4232.307692,4514.871794,4188.717948,4641.538461,4040.512820,4049.230769
229,4370.769230,4512.307692,4531.282051,4238.461538,4497.948717,4225.128205,4425.128205,4217.948717,4237.948717,4514.358974,4192.820512,4646.153846,4040.512820,4052.820512
230,4377.948717,4510.769230,4538.461538,4241.025641,4495.897435,4224.102564,4426.153846,4222.564102,4240.512820,4516.410256,4185.641025,4649.743589,4045.641025,4057.435897
231,4376.410256,4515.897435,4537.435897,4243.589743,4496.923076,4223.589743,4429.230769,4222.051282,4242.051282,4517.948717,4180.000000,4643.076923,4044.102564,4057.435897
232,4369.743589,4513.333333,4524.102564,4240.000000,4494.871794,4220.000000,4427.179487,4216.923076,4236.410256,4513.846153,4183.589743,4636.923076,4035.384615,4053.846153
233,4366.153846,4503.589743,4522.051282,4236.923076,4491.794871,4220.512820,4424.615384,4213.333333,4234.358974,4514.358974,4187.692307,4638.974358,4030.769230,4051.794871
234,4371.282051,4506.153846,4533.333333,4241.538461,4503.076923,4229.230769,4429.743589,4215.384615,4241.025641,4521.025641,4189.743589,4646.153846,4035.897435,4053.846153
235,4374.871794,4513.333333,4532.820512,4239.487179,4510.256410,4230.769230,4432.307692,4216.410256,4236.923076,4521.025641,4185.641025,4646.666666,4041.025641,4054.358974
236,4368.205128,4514.358974,4521.538461,4231.794871,4500.512820,4226.153846,4428.205128,4213.333333,4226.666666,4514.871794,4182.564102,4641.025641,4035.384615,4052.307692
237,4364.102564,4512.820512,4522.564102,4236.923076,4496.923076,4229.230769,4427.692307,4213.333333,4231.794871,4516.410256,4188.205128,4642.051282,4032.820512,4051.794871
238,4366.153846,4507.179487,4527.179487,4240.000000,4501.025641,4229.743589,4428.717948,4216.923076,4240.000000,4517.435897,4188.205128,4643.076923,4036.410256,4046.666666
239,4365.641025,4505.641025,4523.076923,4235.384615,4496.923076,4222.051282,4426.153846,4210.769230,4235.384615,4512.307692,4177.435897,4637.948717,4033.333333,4042.564102
240,4370.256410,4514.358974,4524.102564,4233.846153,4494.358974,4222.051282,4426.153846,4205.641025,4227.179487,4510.769230,4176.410256,4640.000000,4032.307692,4051.282051
241,4373.333333,4518.461538,4527.179487,4234.358974,4500.512820,4229.230769,4429.230769,4208.717948,4225.128205,4512.307692,4182.564102,4643.076923,4036.923076,4055.897435
242,4366.153846,4510.769230,4523.589743,4232.820512,4500.000000,4225.128205,4425.641025,4207.692307,4225.641025,4508.717948,4174.358974,4633.846153,4031.794871,4045.641025
243,4357.948717,4503.076923,4519.487179,4229.230769,4489.230769,4214.871794,4418.461538,4200.000000,4219.487179,4500.512820,4164.102564,4623.076923,4023.076923,4036.923076
244,4361.538461,4503.076923,4519.487179,4228.717948,4488.717948,4215.384615,4416.410256,4198.461538,4214.871794,4500.512820,4165.128205,4625.641025,4024.102564,4040.000000
245,4365.641025,4504.102564,4521.538461,4232.307692,4494.358974,4223.589743,4418.461538,4206.666666,4224.102564,4510.256410,4175.384615,4631.794871,4030.256410,4045.128205
246,4361.538461,4504.615384,4521.538461,4231.794871,4492.307692,4226.153846,4416.923076,4208.205128,4231.282051,4514.871794,4180.000000,4633.333333,4029.230769,4046.666666
247,4362.051282,4506.666666,4520.000000,4229.230769,4493.333333,4224.102564,4416.410256,4202.051282,4227.692307,4510.769230,4176.923076,4630.256410,4027.692307,4046.666666
248,4368.205128,4506.666666,4519.487179,4234.871794,4500.512820,4223.589743,4424.102564,4203.076923,4227.179487,4510.769230,4175.897435,4631.282051,4033.846153,4048.205128
249,4368.717948,4507.179487,4522.564102,4245.128205,4503.589743,4229.743589,4429.743589,4214.871794,4236.410256,4516.923076,4181.025641,4639.487179,4041.025641,4051.794871
250,4368.205128,4511.794871,4525.128205,4247.692307,4504.102564,4235.384615,4428.205128,4219.487179,4239.487179,4518.461538,4188.717948,4641.538461,4037.948717,4054.871794
251,4372.820512,4513.846153,4524.102564,4243.589743,4504.615384,4230.769230,4426.666666,4212.820512,4230.256410,4512.307692,4191.282051,4640.000000,4035.897435,4056.410256
252,4370.769230,4509.230769,4523.076923,4238.461538,4497.435897,4221.538461,4428.205128,4211.794871,4229.230769,4509.230769,4190.769230,4643.076923,4042.051282,4055.897435
253,4368.205128,4512.307692,4525.128205,4243.076923,4495.897435,4222.564102,4429.230769,4216.410256,4236.923076,4514.358974,4190.256410,4647.179487,4040.512820,4055.384615
254,4374.871794,4517.948717,4525.641025,4247.692307,4504.615384,4229.230769,4426.666666,4214.358974,4238.461538,4516.923076,4192.307692,4647.692307,4033.333333,4055.897435
255,4372.820512,4513.846153,4524.102564,4240.512820,4500.512820,4229.743589,4426.153846,4210.769230,4233.846153,4512.307692,4191.282051,4647.179487,4035.897435,4054.871794
