,AF3,F7,F3,FC5,T7,P7,O1,O2,P8,T8,FC6,F4,F8,AF4
0,4469.230769,4542.051282,4538.974358,4376.410256,4468.205128,4202.051282,4447.692307,4115.897435,4235.384615,4521.538461,4252.307692,4664.102564,4041.538461,4110.769230
1,4474.358974,4542.564102,4541.025641,4379.487179,4475.897435,4202.051282,4452.820512,4117.435897,4230.256410,4512.307692,4238.461538,4665.128205,4042.051282,4109.230769
2,4462.051282,4531.794871,4538.974358,4372.307692,4473.333333,4203.076923,4448.717948,4111.282051,4224.102564,4510.256410,4230.769230,4659.487179,4043.589743,4104.102564
3,4454.358974,4528.717948,4535.384615,4367.692307,4469.743589,4200.512820,4445.641025,4107.692307,4225.128205,4522.051282,4237.435897,4657.948717,4037.948717,4100.512820
4,4458.974358,4534.358974,4535.897435,4371.282051,4470.769230,4201.025641,4446.666666,4118.461538,4231.794871,4532.820512,4238.974358,4661.025641,4037.435897,4103.589743
5,4462.564102,4533.333333,4538.461538,4370.256410,4473.333333,4201.538461,4449.230769,4125.128205,4240.000000,4522.051282,4240.000000,4663.076923,4041.538461,4105.641025
6,4463.076923,4527.179487,4542.564102,4368.205128,4470.256410,4199.487179,4454.871794,4123.076923,4242.051282,4516.923076,4248.717948,4666.666666,4039.487179,4103.589743
7,4466.153846,4529.230769,4552.820512,4374.358974,4467.692307,4200.512820,4457.948717,4126.666666,4235.897435,4527.179487,4254.871794,4675.384615,4040.000000,4111.282051
8,4465.128205,4536.410256,4555.384615,4375.384615,4473.846153,4202.564102,4456.410256,4128.205128,4232.307692,4525.641025,4256.923076,4677.435897,4045.641025,4117.948717
9,4461.538461,4534.871794,4543.589743,4370.769230,4474.871794,4200.512820,4453.333333,4117.435897,4233.846153,4520.000000,4251.282051,4669.230769,4044.102564,4108.205128
10,4462.051282,4531.794871,4540.000000,4372.820512,4469.743589,4200.000000,4451.794871,4112.820512,4231.282051,4521.538461,4241.538461,4668.205128,4035.384615,4102.564102
11,4462.051282,4527.692307,4549.230769,4375.897435,4465.128205,4198.461538,4451.794871,4116.410256,4228.717948,4522.051282,4244.615384,4672.307692,4032.820512,4106.666666
12,4460.512820,4526.153846,4554.358974,4378.974358,4462.564102,4189.743589,4454.871794,4115.384615,4233.846153,4523.076923,4254.358974,4676.923076,4040.000000,4108.717948
13,4467.692307,4533.333333,4553.846153,4384.102564,4465.641025,4191.794871,4456.410256,4115.897435,4240.000000,4528.717948,4257.948717,4684.102564,4050.769230,4112.820512
14,4477.948717,4541.025641,4557.435897,4388.717948,4468.717948,4198.461538,4457.948717,4120.512820,4244.615384,4534.871794,4260.512820,4689.743589,4056.410256,4121.538461
15,4482.051282,4542.564102,4558.974358,4390.769230,4465.128205,4199.487179,4462.051282,4120.512820,4251.794871,4542.051282,4256.923076,4688.717948,4055.384615,4127.179487
16,4474.871794,4537.435897,4553.333333,4385.641025,4463.076923,4196.410256,4458.974358,4111.282051,4250.769230,4541.538461,4249.743589,4680.512820,4048.205128,4117.435897
17,4464.102564,4528.205128,4549.230769,4375.384615,4465.128205,4191.794871,4452.820512,4102.564102,4232.820512,4524.615384,4253.333333,4671.794871,4039.487179,4107.692307
18,4467.179487,4527.692307,4554.871794,4376.923076,4466.153846,4194.871794,4455.384615,4103.076923,4223.589743,4516.923076,4253.333333,4673.333333,4042.051282,4115.897435
19,4475.384615,4534.871794,4555.384615,4384.615384,4466.666666,4201.025641,4457.435897,4102.564102,4229.230769,4523.589743,4242.564102,4675.897435,4047.179487,4121.538461
20,4467.179487,4530.769230,4544.102564,4378.974358,4463.076923,4193.333333,4447.179487,4094.358974,4224.102564,4516.923076,4233.333333,4667.179487,4038.461538,4106.666666
21,4457.948717,4520.000000,4540.512820,4373.846153,4456.923076,4181.538461,4438.461538,4087.692307,4215.897435,4506.666666,4233.846153,4660.512820,4031.794871,4097.948717
22,4462.051282,4521.025641,4544.615384,4377.948717,4455.897435,4185.128205,4441.025641,4088.717948,4220.512820,4509.743589,4237.435897,4664.102564,4035.384615,4104.615384
23,4463.076923,4524.102564,4541.538461,4375.384615,4452.820512,4186.666666,4445.128205,4085.641025,4220.512820,4511.794871,4236.410256,4664.615384,4036.410256,4102.564102
24,4463.076923,4520.000000,4538.974358,4371.794871,4452.820512,4181.538461,4446.153846,4083.589743,4213.846153,4508.205128,4234.871794,4666.153846,4033.333333,4102.051282
25,4466.153846,4517.435897,4541.538461,4372.307692,4462.051282,4186.666666,4449.743589,4090.256410,4220.000000,4511.794871,4236.923076,4673.333333,4032.307692,4108.205128
26,4461.538461,4519.487179,4541.025641,4369.230769,4462.564102,4192.307692,4453.846153,4092.820512,4230.769230,4521.025641,4236.923076,4672.307692,4033.846153,4106.666666
27,4457.435897,4517.435897,4540.000000,4366.666666,4459.487179,4190.256410,4452.307692,4086.666666,4233.333333,4525.128205,4235.897435,4668.205128,4035.384615,4102.051282
28,4463.589743,4512.307692,4544.615384,4371.282051,4460.000000,4186.666666,4444.615384,4076.923076,4227.179487,4516.923076,4238.974358,4675.897435,4031.794871,4103.076923
29,4468.205128,4512.307692,4548.205128,4373.846153,4460.512820,4186.153846,4443.589743,4071.282051,4212.307692,4500.000000,4238.974358,4681.538461,4025.641025,4104.102564
30,4465.641025,4512.820512,4545.641025,4369.743589,4460.512820,4187.179487,4448.205128,4073.333333,4205.641025,4498.461538,4230.769230,4673.333333,4026.153846,4103.589743
31,4458.461538,4506.666666,4540.512820,4366.666666,4458.974358,4185.641025,4446.153846,4074.358974,4209.230769,4504.102564,4223.076923,4664.615384,4020.512820,4098.461538
32,4454.358974,4502.564102,4537.435897,4367.179487,4456.923076,4184.615384,4443.076923,4074.358974,4209.230769,4498.974358,4224.615384,4662.051282,4010.769230,4090.256410
33,4460.000000,4508.717948,4542.051282,4373.333333,4458.974358,4185.128205,4446.666666,4076.410256,4211.282051,4500.000000,4231.282051,4664.615384,4017.948717,4094.358974
34,4466.153846,4518.974358,4548.717948,4379.487179,4458.461538,4184.615384,4446.153846,4078.974358,4217.948717,4506.666666,4234.358974,4670.256410,4029.743589,4106.666666
35,4462.564102,4521.538461,4545.641025,4373.846153,4453.333333,4182.564102,4433.333333,4072.820512,4214.358974,4503.589743,4230.256410,4671.282051,4025.641025,4104.102564
36,4458.461538,4518.461538,4539.487179,4368.717948,4453.846153,4181.538461,4430.256410,4067.692307,4206.153846,4498.461538,4225.128205,4664.615384,4017.435897,4097.435897
37,4460.512820,4518.974358,4540.512820,4375.384615,4457.435897,4183.589743,4438.461538,4071.282051,4212.307692,4505.128205,4224.615384,4661.538461,4026.153846,4100.512820
38,4463.076923,4521.538461,4541.538461,4377.948717,4456.923076,4185.641025,4435.384615,4071.282051,4221.025641,4509.743589,4226.666666,4665.128205,4029.230769,4100.512820
39,4466.153846,4518.974358,4541.538461,4372.820512,4457.435897,4183.076923,4430.256410,4066.153846,4214.871794,4507.692307,4226.153846,4667.692307,4019.487179,4098.974358
40,4472.820512,4523.076923,4549.743589,4378.461538,4461.538461,4184.615384,4440.512820,4067.692307,4213.846153,4505.128205,4231.794871,4671.282051,4024.102564,4108.717948
41,4480.000000,4530.769230,4560.512820,4388.717948,4466.153846,4194.871794,4451.282051,4076.923076,4226.153846,4509.230769,4242.564102,4680.000000,4042.051282,4116.923076
42,4473.333333,4526.153846,4553.333333,4382.564102,4461.025641,4189.230769,4444.615384,4077.435897,4223.076923,4509.743589,4240.000000,4678.974358,4039.487179,4109.230769
43,4462.051282,4520.512820,4540.000000,4372.307692,4452.820512,4176.410256,4431.282051,4068.205128,4207.692307,4495.384615,4230.256410,4666.666666,4021.025641,4096.923076
44,4469.230769,4530.769230,4545.128205,4380.000000,4461.538461,4185.128205,4438.461538,4072.820512,4212.307692,4497.435897,4228.717948,4669.230769,4025.128205,4101.025641
45,4481.538461,4538.461538,4558.974358,4391.794871,4472.820512,4195.384615,4454.358974,4090.256410,4232.307692,4524.615384,4235.897435,4684.102564,4040.512820,4111.794871
46,4478.461538,4533.333333,4556.410256,4386.666666,4469.230769,4193.333333,4450.769230,4093.846153,4234.358974,4532.307692,4244.615384,4686.153846,4040.000000,4110.769230
47,4476.923076,4528.205128,4550.256410,4381.025641,4465.128205,4190.769230,4445.641025,4087.179487,4227.179487,4515.897435,4241.538461,4683.589743,4030.256410,4107.179487
48,4484.102564,4531.794871,4557.948717,4387.692307,4467.692307,4194.871794,4457.948717,4091.794871,4231.794871,4512.307692,4232.307692,4689.743589,4029.230769,4110.256410
49,4481.025641,4533.333333,4558.974358,4384.615384,4464.102564,4195.384615,4457.435897,4097.948717,4231.794871,4518.461538,4232.307692,4692.307692,4035.897435,4112.307692
50,4469.743589,4523.589743,4551.282051,4371.282051,4457.435897,4188.205128,4443.076923,4088.717948,4221.538461,4513.846153,4233.333333,4685.641025,4031.282051,4108.717948
51,4468.205128,4514.871794,4551.794871,4371.282051,4455.897435,4179.487179,4442.051282,4080.512820,4216.923076,4508.717948,4226.666666,4685.128205,4017.435897,4103.076923
52,4467.692307,4514.358974,4552.307692,4372.820512,4456.410256,4180.000000,4443.076923,4077.435897,4214.871794,4503.076923,4226.153846,4687.179487,4009.743589,4098.461538
53,4465.641025,4515.897435,4550.256410,4366.666666,4459.487179,4186.153846,4440.000000,4073.846153,4210.256410,4499.487179,4226.666666,4683.589743,4010.769230,4100.000000
54,4466.153846,4518.461538,4553.846153,4367.179487,4459.487179,4186.666666,4442.564102,4078.461538,4213.846153,4503.076923,4218.461538,4679.487179,4009.743589,4101.538461
55,4464.615384,4516.410256,4552.820512,4369.743589,4452.307692,4183.076923,4443.589743,4082.564102,4218.974358,4504.615384,4214.358974,4678.461538,4000.512820,4096.410256
56,4462.564102,4508.717948,4544.102564,4365.128205,4447.692307,4181.025641,4441.025641,4080.000000,4214.358974,4501.025641,4216.923076,4674.871794,3991.794872,4092.820512
57,4461.538461,4509.230769,4543.076923,4362.564102,4454.358974,4185.641025,4441.025641,4087.179487,4213.846153,4501.538461,4220.000000,4671.794871,3998.974359,4094.871794
58,4464.102564,4515.384615,4551.282051,4366.666666,4463.076923,4191.794871,4446.153846,4098.974358,4221.025641,4509.743589,4219.487179,4677.435897,4013.333333,4097.435897
59,4469.743589,4510.769230,4552.307692,4368.717948,4462.564102,4193.333333,4454.358974,4102.051282,4222.051282,4510.256410,4216.923076,4680.000000,4009.230769,4096.410256
60,4469.743589,4503.076923,4543.589743,4364.615384,4461.025641,4190.769230,4452.820512,4097.948717,4214.871794,4495.384615,4213.846153,4668.205128,3994.358975,4090.769230
61,4461.025641,4501.025641,4536.410256,4358.974358,4461.538461,4188.717948,4444.102564,4094.871794,4210.256410,4490.256410,4211.794871,4658.974358,3993.846154,4083.589743
62,4458.461538,4501.025641,4538.461538,4358.974358,4460.512820,4192.307692,4447.179487,4094.871794,4212.307692,4500.000000,4210.256410,4661.025641,3999.487180,4083.589743
63,4464.102564,4504.615384,4542.564102,4360.512820,4460.000000,4193.333333,4458.461538,4096.923076,4217.435897,4502.564102,4215.384615,4664.102564,3996.410257,4089.743589
64,4461.538461,4508.205128,4540.512820,4359.487179,4460.000000,4192.820512,4460.000000,4095.384615,4219.487179,4500.512820,4217.435897,4663.076923,3995.897436,4091.794871
65,4457.435897,4502.051282,4537.435897,4360.512820,4457.435897,4191.794871,4455.897435,4090.256410,4213.333333,4502.564102,4213.846153,4661.025641,4002.564102,4088.205128
66,4457.435897,4500.000000,4538.974358,4362.051282,4455.384615,4190.256410,4455.897435,4087.179487,4209.230769,4499.487179,4216.923076,4658.461538,4004.615384,4087.692307
67,4454.358974,4502.051282,4538.461538,4356.410256,4456.410256,4185.641025,4451.794871,4083.076923,4208.205128,4490.256410,4216.410256,4655.384615,3995.384616,4086.153846
68,4455.384615,4498.461538,4535.897435,4350.769230,4455.897435,4185.641025,4444.102564,4083.076923,4203.589743,4487.692307,4212.307692,4653.846153,3989.230770,4079.487179
69,4464.102564,4502.051282,4540.512820,4354.358974,4456.410256,4190.256410,4445.128205,4090.769230,4208.205128,4492.307692,4218.974358,4657.948717,4001.538461,4084.615384
70,4473.846153,4515.384615,4553.846153,4363.589743,4462.564102,4196.410256,4455.897435,4100.000000,4225.128205,4502.051282,4230.769230,4671.282051,4022.051282,4102.051282
71,4478.974358,4517.435897,4561.025641,4372.307692,4469.230769,4202.051282,4463.076923,4107.179487,4238.461538,4513.333333,4237.948717,4681.538461,4024.615384,4109.743589
72,4475.897435,4506.153846,4556.410256,4367.692307,4469.230769,4200.512820,4458.461538,4103.076923,4231.282051,4510.256410,4230.769230,4672.820512,4006.666666,4097.435897
73,4472.307692,4505.641025,4553.333333,4357.948717,4466.666666,4196.410256,4454.358974,4092.820512,4220.512820,4504.615384,4212.820512,4662.564102,4004.102564,4089.743589
74,4473.846153,4511.282051,4556.410256,4359.487179,4463.589743,4194.358974,4455.897435,4094.358974,4224.102564,4512.820512,4216.410256,4667.692307,4021.538461,4098.974358
75,4473.846153,4506.153846,4556.410256,4364.102564,4457.948717,4195.897435,4456.410256,4101.025641,4232.820512,4516.410256,4240.000000,4672.307692,4024.615384,4098.974358
76,4472.820512,4505.128205,4554.358974,4365.128205,4461.025641,4201.025641,4458.461538,4098.974358,4236.410256,4509.230769,4245.641025,4670.769230,4016.923076,4095.384615
77,4474.871794,4514.871794,4558.974358,4367.692307,4472.820512,4203.589743,4462.564102,4091.794871,4234.358974,4513.333333,4241.538461,4672.307692,4020.512820,4102.051282
78,4473.846153,4518.461538,4555.384615,4369.230769,4474.358974,4199.487179,4457.948717,4081.025641,4227.692307,4515.897435,4237.435897,4668.205128,4022.564102,4100.000000
79,4465.128205,4507.179487,4544.102564,4363.076923,4463.589743,4191.794871,4446.153846,4064.102564,4217.948717,4496.923076,4227.692307,4657.948717,4010.769230,4086.666666
80,4458.461538,4500.512820,4540.512820,4357.435897,4457.435897,4188.205128,4440.512820,4054.358974,4211.282051,4483.076923,4223.076923,4653.846153,4000.512820,4085.128205
81,4456.923076,4503.076923,4542.564102,4357.948717,4458.974358,4188.205128,4440.512820,4053.846153,4210.256410,4488.717948,4223.589743,4651.282051,3998.461539,4090.769230
82,4458.461538,4510.769230,4545.128205,4361.538461,4464.615384,4192.307692,4446.666666,4053.846153,4218.461538,4504.102564,4224.615384,4653.333333,4003.076923,4091.282051
83,4461.538461,4516.923076,4552.820512,4369.230769,4468.205128,4195.384615,4452.307692,4053.846153,4229.230769,4518.461538,4232.820512,4666.666666,4015.384615,4096.410256
84,4468.717948,4513.846153,4558.461538,4375.897435,4466.666666,4197.435897,4449.743589,4053.333333,4229.743589,4520.512820,4240.000000,4673.846153,4020.512820,4103.076923
85,4470.769230,4511.794871,4555.897435,4374.358974,4467.692307,4198.461538,4450.769230,4050.256410,4227.179487,4516.410256,4231.794871,4672.820512,4020.000000,4099.487179
86,4465.128205,4520.000000,4555.384615,4370.256410,4470.256410,4192.820512,4455.384615,4046.153846,4227.692307,4512.307692,4229.743589,4674.358974,4022.564102,4095.384615
87,4466.153846,4520.512820,4556.410256,4370.769230,4470.256410,4191.282051,4449.230769,4037.435897,4224.102564,4500.512820,4239.487179,4673.846153,4021.025641,4094.871794
88,4465.128205,4506.153846,4552.307692,4365.641025,4467.692307,4192.307692,4440.512820,4029.230769,4216.410256,4495.384615,4237.435897,4665.641025,4012.820512,4091.794871
89,4459.487179,4502.051282,4551.282051,4365.641025,4468.717948,4193.846153,4444.615384,4035.897435,4220.512820,4507.692307,4231.282051,4664.615384,4014.871794,4091.282051
90,4467.179487,4518.974358,4554.358974,4375.897435,4473.333333,4196.923076,4454.358974,4044.615384,4230.256410,4514.871794,4239.487179,4671.282051,4024.615384,4094.358974
91,4474.871794,4524.102564,4554.871794,4375.384615,4474.358974,4195.897435,4450.769230,4039.487179,4224.102564,4510.256410,4249.230769,4670.769230,4020.512820,4093.846153
92,4469.743589,4515.897435,4552.820512,4368.205128,4470.769230,4191.794871,4443.076923,4032.307692,4216.410256,4505.128205,4239.487179,4666.666666,4011.794871,4093.846153
93,4471.794871,4517.948717,4555.897435,4374.358974,4470.769230,4194.358974,4446.666666,4036.410256,4224.102564,4504.615384,4229.230769,4667.692307,4012.307692,4098.974358
94,4476.410256,4520.512820,4556.923076,4377.435897,4478.974358,4198.461538,4451.794871,4042.051282,4230.769230,4508.717948,4232.307692,4668.717948,4012.820512,4096.410256
95,4466.153846,4513.333333,4548.717948,4367.692307,4476.923076,4191.794871,4445.641025,4036.923076,4224.102564,4506.666666,4237.435897,4664.102564,4008.717948,4085.641025
96,4465.641025,4513.333333,4547.179487,4363.076923,4465.641025,4186.153846,4442.564102,4031.282051,4220.512820,4506.153846,4229.743589,4662.051282,4009.743589,4086.666666
97,4476.410256,4520.512820,4552.820512,4364.102564,4464.615384,4189.230769,4447.692307,4029.743589,4223.076923,4508.717948,4226.153846,4665.641025,4015.897435,4093.846153
98,4475.384615,4518.974358,4552.820512,4365.128205,4468.205128,4193.333333,4448.205128,4029.230769,4221.025641,4503.589743,4241.025641,4669.743589,4013.846153,4093.333333
99,4465.128205,4511.794871,4550.256410,4368.717948,4467.179487,4193.846153,4446.153846,4028.205128,4222.051282,4504.615384,4241.538461,4669.743589,4010.256410,4088.205128
100,4459.487179,4510.769230,4551.794871,4370.256410,4465.641025,4186.153846,4444.615384,4026.153846,4227.692307,4514.358974,4215.384615,4663.589743,4008.717948,4083.589743
101,4465.641025,4511.794871,4551.282051,4366.153846,4463.076923,4181.025641,4440.000000,4021.025641,4223.076923,4511.282051,4213.333333,4660.512820,4005.128205,4084.615384
102,4474.358974,4515.897435,4551.282051,4367.179487,4462.564102,4189.743589,4444.615384,4022.564102,4217.435897,4510.256410,4243.589743,4665.128205,4009.230769,4092.307692
103,4475.897435,4517.948717,4559.487179,4373.846153,4472.307692,4198.461538,4457.435897,4028.205128,4226.666666,4518.461538,4251.794871,4672.307692,4020.000000,4097.948717
104,4472.820512,4515.384615,4562.051282,4375.897435,4474.871794,4194.871794,4456.923076,4024.615384,4232.820512,4513.333333,4238.461538,4672.820512,4016.923076,4095.897435
105,4476.410256,4515.897435,4555.897435,4372.820512,4467.179487,4187.179487,4446.153846,4018.461538,4223.589743,4504.102564,4235.384615,4667.179487,4004.615384,4092.820512
106,4474.871794,4514.871794,4554.358974,4366.153846,4463.076923,4185.128205,4443.589743,4013.333333,4217.948717,4501.025641,4227.179487,4663.076923,4007.692307,4092.307692
107,4464.615384,4508.205128,4553.846153,4360.000000,4462.564102,4186.153846,4445.128205,4007.692307,4217.435897,4495.384615,4215.384615,4658.974358,4011.794871,4091.282051
108,4465.641025,4509.230769,4553.846153,4366.153846,4465.128205,4189.743589,4443.076923,4010.769230,4217.435897,4497.435897,4222.051282,4656.923076,4005.641025,4088.205128
109,4476.923076,4521.025641,4559.487179,4378.974358,4472.820512,4191.794871,4444.615384,4021.538461,4220.512820,4508.205128,4236.410256,4663.076923,4005.641025,4090.769230
110,4480.512820,4524.615384,4567.179487,4380.000000,4471.794871,4191.282051,4445.641025,4025.128205,4220.512820,4509.743589,4237.435897,4666.666666,4011.794871,4096.923076
111,4474.871794,4517.435897,4564.102564,4375.897435,4469.743589,4193.333333,4443.589743,4024.102564,4218.974358,4501.538461,4232.820512,4662.564102,4010.769230,4094.871794
112,4473.846153,4511.794871,4556.923076,4375.897435,4475.384615,4193.333333,4445.641025,4024.102564,4220.512820,4497.948717,4227.692307,4661.538461,4007.692307,4091.282051
113,4474.871794,4509.230769,4556.410256,4359.487179,4475.384615,4190.256410,4447.692307,4026.153846,4222.051282,4504.102564,4225.641025,4662.051282,4007.692307,4093.333333
114,4468.717948,4510.769230,4556.923076,4333.846153,4467.179487,4189.230769,4446.153846,4028.717948,4222.564102,4503.589743,4227.179487,4657.948717,4005.128205,4091.794871
115,4466.153846,4509.230769,4556.923076,4323.076923,4466.153846,4186.666666,4447.179487,4027.692307,4221.025641,4496.410256,4222.051282,4656.410256,4002.564102,4086.153846
116,4465.641025,4502.564102,4555.384615,4322.564102,4466.153846,4181.025641,4446.153846,4022.051282,4220.512820,4497.948717,4212.307692,4657.435897,4003.076923,4086.666666
117,4464.615384,4504.615384,4553.333333,4323.589743,4464.102564,4183.076923,4443.589743,4022.051282,4221.538461,4503.076923,4213.333333,4656.923076,4001.025641,4086.153846
118,4470.256410,4512.820512,4559.487179,4329.743589,4468.717948,4190.256410,4452.307692,4028.717948,4220.512820,4501.538461,4228.717948,4658.974358,4000.512820,4086.153846
119,4473.333333,4515.384615,4564.615384,4332.307692,4475.384615,4191.282051,4456.923076,4029.230769,4221.025641,4496.410256,4237.948717,4664.102564,4006.666666,4092.820512
120,4467.692307,4510.256410,4559.487179,4328.205128,4476.410256,4188.205128,4451.794871,4024.615384,4218.461538,4494.358974,4233.846153,4664.615384,4009.230769,4094.871794
121,4464.615384,4505.128205,4556.923076,4329.230769,4473.333333,4189.230769,4451.282051,4023.589743,4212.820512,4493.333333,4222.564102,4661.025641,3995.897436,4087.692307
122,4468.717948,4506.666666,4560.000000,4333.333333,4472.820512,4191.282051,4451.794871,4024.102564,4216.410256,4497.435897,4216.923076,4659.487179,3990.769231,4086.153846
123,4468.205128,4507.692307,4556.410256,4332.820512,4473.846153,4186.666666,4445.128205,4020.000000,4218.974358,4494.871794,4220.512820,4656.410256,4006.153846,4090.769230
124,4461.538461,4504.102564,4552.307692,4330.769230,4469.743589,4185.128205,4443.589743,4021.538461,4212.820512,4485.128205,4230.769230,4652.820512,4012.307692,4091.794871
125,4464.102564,4500.000000,4554.871794,4328.717948,4463.589743,4187.179487,4446.666666,4032.307692,4219.487179,4494.358974,4235.897435,4659.487179,4007.692307,4092.820512
126,4472.307692,4500.000000,4555.897435,4325.641025,4462.564102,4183.589743,4442.051282,4034.358974,4231.794871,4515.384615,4235.384615,4663.076923,4012.820512,4094.871794
127,4474.358974,4505.641025,4554.871794,4323.076923,4464.102564,4182.051282,4441.025641,4026.666666,4227.692307,4513.333333,4230.769230,4655.897435,4016.410256,4094.871794
128,4469.230769,4506.153846,4552.307692,4321.025641,4465.641025,4181.538461,4442.564102,4026.153846,4215.897435,4495.384615,4216.410256,4647.179487,4008.717948,4091.794871
129,4469.230769,4503.589743,4549.743589,4325.641025,4466.153846,4182.564102,4441.025641,4032.307692,4214.358974,4497.948717,4217.435897,4646.153846,4011.282051,4091.282051
130,4474.871794,4507.692307,4553.846153,4336.410256,4467.179487,4186.153846,4443.076923,4034.871794,4218.974358,4510.256410,4236.410256,4652.820512,4024.102564,4093.846153
131,4474.871794,4510.256410,4555.384615,4334.358974,4469.743589,4186.153846,4445.128205,4036.410256,4223.076923,4507.179487,4233.846153,4654.871794,4018.461538,4092.820512
132,4472.820512,4505.641025,4551.282051,4327.179487,4472.307692,4186.153846,4445.128205,4042.564102,4223.589743,4498.974358,4220.512820,4649.743589,4009.230769,4090.769230
133,4474.358974,4510.769230,4555.384615,4330.769230,4472.820512,4189.230769,4446.666666,4048.717948,4220.512820,4500.000000,4232.820512,4651.794871,4020.512820,4097.948717
134,4477.435897,4517.948717,4562.564102,4336.923076,4468.205128,4187.692307,4447.692307,4047.179487,4218.461538,4502.564102,4247.179487,4655.897435,4027.179487,4103.076923
135,4471.794871,4511.282051,4556.923076,4336.410256,4465.641025,4182.564102,4442.051282,4040.000000,4217.435897,4498.461538,4233.333333,4649.743589,4012.307692,4095.384615
136,4464.615384,4504.102564,4552.307692,4333.333333,4469.230769,4183.589743,4445.128205,4043.589743,4222.564102,4497.435897,4221.538461,4645.128205,4003.076923,4091.794871
137,4468.717948,4504.102564,4558.974358,4329.743589,4471.282051,4188.717948,4457.435897,4054.358974,4229.743589,4509.230769,4228.717948,4650.769230,4011.794871,4096.923076
138,4468.717948,4497.948717,4560.512820,4324.615384,4463.076923,4187.692307,4456.923076,4054.871794,4229.743589,4513.333333,4238.461538,4652.307692,4017.435897,4096.923076
139,4458.461538,4487.692307,4553.333333,4322.564102,4457.948717,4182.051282,4450.769230,4045.641025,4224.615384,4503.076923,4230.769230,4645.641025,4012.820512,4089.743589
140,4457.435897,4490.256410,4553.846153,4326.153846,4464.102564,4182.564102,4453.846153,4045.128205,4221.025641,4505.128205,4215.897435,4642.564102,4007.179487,4085.641025
141,4466.153846,4501.025641,4556.923076,4332.307692,4469.230769,4188.205128,4456.923076,4049.743589,4220.000000,4509.743589,4218.974358,4643.589743,4007.179487,4089.230769
142,4463.589743,4497.948717,4553.333333,4329.743589,4466.153846,4184.102564,4446.666666,4041.538461,4213.333333,4496.410256,4222.564102,4640.512820,4003.076923,4085.128205
143,4456.410256,4493.333333,4551.794871,4322.051282,4460.000000,4175.897435,4441.538461,4035.384615,4208.717948,4493.333333,4217.435897,4638.974358,3995.384616,4077.948717
144,4459.487179,4496.410256,4554.871794,4326.666666,4459.487179,4182.051282,4451.794871,4043.076923,4218.461538,4504.102564,4219.487179,4645.128205,3996.923077,4085.641025
145,4464.102564,4496.923076,4556.410256,4334.871794,4463.076923,4189.230769,4456.410256,4050.769230,4225.641025,4501.025641,4226.666666,4646.666666,4001.538461,4094.871794
146,4461.538461,4500.000000,4554.871794,4335.384615,4468.717948,4187.179487,4450.769230,4053.846153,4216.410256,4494.358974,4223.589743,4642.564102,4003.589743,4088.205128
147,4459.487179,4504.102564,4553.333333,4333.333333,4473.846153,4184.615384,4448.205128,4055.384615,4211.282051,4497.948717,4220.000000,4645.641025,4009.230769,4082.051282
148,4461.538461,4497.948717,4553.333333,4328.717948,4466.666666,4184.615384,4448.205128,4050.256410,4218.974358,4500.512820,4218.974358,4647.692307,4009.230769,4088.717948
149,4462.564102,4495.384615,4552.307692,4323.589743,4455.897435,4183.589743,4443.076923,4049.230769,4217.435897,4502.051282,4214.871794,4646.153846,3999.487180,4091.794871
150,4461.538461,4500.000000,4553.333333,4325.128205,4459.487179,4178.974358,4444.102564,4058.974358,4209.743589,4503.076923,4217.948717,4647.692307,3998.974359,4086.153846
151,4463.076923,4498.461538,4554.358974,4330.769230,4464.615384,4176.410256,4447.179487,4060.512820,4212.307692,4498.461538,4217.435897,4649.743589,4013.333333,4089.743589
152,4468.717948,4498.461538,4551.794871,4332.307692,4459.487179,4180.512820,4442.564102,4055.384615,4217.948717,4498.974358,4215.384615,4651.282051,4023.589743,4097.948717
153,4476.410256,4509.230769,4558.461538,4334.358974,4460.000000,4186.153846,4448.205128,4061.025641,4223.076923,4512.820512,4231.282051,4659.487179,4026.666666,4100.000000
154,4482.051282,4515.384615,4572.307692,4338.461538,4467.692307,4189.743589,4460.512820,4068.205128,4227.179487,4523.076923,4247.179487,4669.743589,4031.282051,4104.102564
155,4480.512820,4508.717948,4567.179487,4334.871794,4466.153846,4186.666666,4458.974358,4062.051282,4225.128205,4515.384615,4241.538461,4668.205128,4028.717948,4109.230769
156,4475.384615,4507.179487,4558.461538,4332.820512,4465.641025,4184.615384,4450.769230,4054.871794,4222.564102,4508.205128,4231.794871,4663.589743,4023.589743,4107.179487
157,4475.897435,4513.333333,4564.615384,4339.487179,4469.230769,4189.230769,4453.333333,4057.435897,4225.641025,4512.820512,4233.333333,4668.205128,4031.794871,4106.153846
158,4478.974358,4512.307692,4564.102564,4338.461538,4466.666666,4192.307692,4460.000000,4061.538461,4228.717948,4516.923076,4235.897435,4669.230769,4032.820512,4107.179487
159,4476.410256,4505.128205,4560.000000,4328.717948,4466.153846,4189.230769,4461.025641,4060.512820,4225.128205,4512.307692,4232.820512,4663.076923,4015.384615,4103.589743
160,4475.897435,4501.538461,4565.641025,4324.615384,4469.743589,4187.692307,4458.461538,4058.974358,4222.564102,4509.743589,4227.692307,4662.051282,4010.769230,4102.564102
161,4477.435897,4500.512820,4561.538461,4326.666666,4462.564102,4186.666666,4450.769230,4057.435897,4223.076923,4510.769230,4222.564102,4659.487179,4016.410256,4097.948717
162,4469.230769,4498.974358,4548.717948,4326.666666,4455.384615,4178.974358,4444.615384,4047.179487,4214.358974,4504.102564,4215.384615,4647.179487,4007.179487,4084.102564
163,4461.538461,4498.974358,4551.282051,4331.282051,4461.025641,4176.410256,4442.564102,4036.410256,4206.153846,4492.307692,4213.846153,4642.051282,3993.333334,4077.435897
164,4462.051282,4492.820512,4554.871794,4331.282051,4461.538461,4182.051282,4444.615384,4036.923076,4213.846153,4492.307692,4214.871794,4642.051282,3987.179488,4075.897435
165,4464.102564,4489.230769,4551.794871,4322.051282,4459.487179,4184.615384,4452.307692,4044.102564,4226.666666,4502.564102,4217.435897,4642.051282,3994.358975,4074.358974
166,4463.076923,4493.846153,4553.846153,4318.461538,4463.589743,4185.128205,4456.923076,4047.179487,4231.282051,4505.128205,4221.025641,4644.102564,4007.179487,4082.051282
167,4463.589743,4494.358974,4554.871794,4325.128205,4464.102564,4184.102564,4449.743589,4043.589743,4227.179487,4501.538461,4214.358974,4641.025641,4005.128205,4086.153846
168,4461.538461,4487.692307,4549.230769,4325.641025,4460.512820,4178.461538,4442.564102,4033.846153,4216.923076,4497.435897,4206.666666,4633.333333,3991.282052,4073.846153
169,4457.435897,4480.512820,4543.076923,4314.871794,4458.974358,4175.897435,4444.102564,4025.641025,4205.128205,4489.230769,4210.256410,4632.307692,3987.179488,4068.205128
170,4464.615384,4482.051282,4546.666666,4308.717948,4457.948717,4177.435897,4443.589743,4028.205128,4211.282051,4490.256410,4210.256410,4638.461538,3995.384616,4080.000000
171,4476.410256,4495.897435,4555.897435,4313.846153,4457.948717,4178.461538,4446.666666,4035.897435,4222.564102,4502.564102,4212.307692,4647.179487,4008.205128,4090.769230
172,4476.410256,4502.564102,4556.410256,4321.025641,4462.564102,4181.025641,4451.794871,4034.871794,4218.461538,4506.666666,4222.564102,4648.717948,4016.923076,4088.205128
173,4470.769230,4492.820512,4552.307692,4326.153846,4464.102564,4184.102564,4448.205128,4027.692307,4211.794871,4499.487179,4221.538461,4642.051282,4007.179487,4078.461538
174,4474.358974,4490.769230,4555.384615,4329.743589,4463.589743,4183.076923,4446.666666,4027.692307,4219.487179,4500.000000,4221.025641,4641.538461,3994.871795,4075.897435
175,4477.948717,4501.025641,4557.948717,4330.256410,4464.615384,4182.564102,4454.358974,4028.205128,4229.230769,4504.102564,4236.410256,4649.743589,4002.051282,4086.153846
176,4475.384615,4505.128205,4555.897435,4327.179487,4465.641025,4187.692307,4460.000000,4024.102564,4227.179487,4502.564102,4238.461538,4651.282051,4014.871794,4089.743589
177,4481.025641,4502.051282,4558.974358,4329.230769,4469.230769,4191.282051,4457.948717,4023.076923,4222.564102,4501.538461,4226.153846,4647.179487,4013.333333,4085.128205
178,4486.153846,4504.615384,4562.564102,4335.384615,4476.410256,4191.282051,4456.410256,4024.102564,4225.641025,4506.153846,4230.769230,4647.692307,4008.205128,4088.717948
179,4482.564102,4508.205128,4560.000000,4336.923076,4480.512820,4187.692307,4457.435897,4024.102564,4227.692307,4504.615384,4240.000000,4650.256410,4010.256410,4093.846153
180,4479.487179,4502.564102,4553.846153,4332.307692,4472.820512,4185.641025,4456.923076,4022.564102,4230.256410,4502.051282,4233.333333,4651.282051,4007.179487,4085.128205
181,4484.615384,4498.461538,4559.487179,4332.820512,4464.615384,4186.153846,4457.948717,4023.589743,4234.358974,4508.717948,4224.615384,4655.384615,4006.666666,4084.102564
182,4490.256410,4502.051282,4570.769230,4338.461538,4467.179487,4184.615384,4458.461538,4025.128205,4231.794871,4509.230769,4226.153846,4658.974358,4014.358974,4095.897435
183,4485.641025,4504.615384,4566.666666,4340.000000,4474.358974,4185.128205,4459.487179,4026.153846,4227.692307,4502.051282,4231.282051,4655.897435,4012.820512,4092.307692
184,4477.435897,4503.076923,4555.384615,4338.974358,4477.948717,4188.205128,4459.487179,4023.589743,4224.102564,4494.358974,4232.820512,4649.230769,4003.589743,4077.435897
185,4475.384615,4503.589743,4553.846153,4340.000000,4473.846153,4187.692307,4456.923076,4017.948717,4214.871794,4487.179487,4229.743589,4644.102564,3996.923077,4076.923076
186,4477.948717,4506.666666,4558.461538,4344.102564,4471.794871,4185.641025,4456.923076,4020.000000,4216.923076,4489.743589,4220.000000,4644.615384,3998.974359,4085.128205
187,4477.948717,4507.179487,4558.461538,4344.615384,4474.871794,4188.205128,4461.538461,4026.153846,4228.205128,4503.076923,4218.461538,4652.307692,4006.153846,4087.692307
188,4477.948717,4500.512820,4555.897435,4334.358974,4470.256410,4185.641025,4457.948717,4026.666666,4224.102564,4503.589743,4227.179487,4652.307692,4004.615384,4084.102564
189,4475.897435,4492.820512,4550.769230,4325.641025,4460.000000,4177.435897,4444.102564,4023.589743,4213.846153,4493.846153,4229.230769,4640.000000,3994.358975,4076.923076
190,4470.256410,4494.871794,4550.256410,4328.717948,4461.025641,4178.974358,4445.128205,4026.666666,4219.487179,4493.846153,4227.692307,4637.435897,4000.512820,4077.948717
191,4476.923076,4499.487179,4555.897435,4336.410256,4467.179487,4183.076923,4455.384615,4031.282051,4224.102564,4501.025641,4232.307692,4654.871794,4018.461538,4086.153846
192,4485.641025,4494.871794,4557.435897,4337.435897,4460.000000,4177.948717,4450.769230,4033.333333,4224.102564,4506.153846,4234.871794,4661.025641,4013.333333,4088.717948
193,4478.461538,4488.717948,4555.384615,4331.282051,4453.846153,4170.769230,4441.025641,4032.820512,4226.666666,4498.974358,4228.205128,4650.769230,3997.948718,4083.589743
194,4477.948717,4495.384615,4554.871794,4328.205128,4457.948717,4172.820512,4444.102564,4024.615384,4222.051282,4487.179487,4219.487179,4647.179487,4005.128205,4081.025641
195,4486.666666,4502.564102,4553.846153,4334.358974,4458.974358,4178.974358,4449.743589,4019.487179,4217.948717,4493.846153,4217.435897,4652.307692,4017.435897,4084.615384
196,4483.589743,4498.461538,4556.410256,4337.948717,4459.487179,4185.128205,4449.230769,4028.717948,4226.666666,4513.846153,4228.205128,4656.923076,4014.871794,4091.794871
197,4480.512820,4497.435897,4557.948717,4337.435897,4468.205128,4186.153846,4452.307692,4034.871794,4229.743589,4514.358974,4241.538461,4658.461538,4010.769230,4091.282051
198,4489.230769,4504.102564,4553.846153,4342.051282,4470.769230,4183.589743,4456.923076,4029.230769,4223.589743,4501.025641,4244.102564,4657.948717,4013.846153,4084.102564
199,4493.333333,4509.743589,4560.000000,4345.641025,4469.230769,4186.666666,4461.025641,4036.923076,4237.435897,4510.769230,4241.025641,4662.051282,4023.076923,4093.846153
200,4492.307692,4509.743589,4572.307692,4342.564102,4472.307692,4190.256410,4463.076923,4054.358974,4252.820512,4524.102564,4235.384615,4666.153846,4030.769230,4104.615384
201,4489.743589,4503.589743,4563.076923,4336.923076,4467.692307,4182.564102,4456.410256,4046.153846,4243.076923,4518.461538,4228.717948,4661.025641,4019.487179,4092.307692
202,4486.666666,4498.461538,4552.820512,4336.410256,4458.461538,4176.923076,4451.794871,4032.307692,4229.230769,4506.153846,4233.846153,4657.435897,4007.179487,4083.076923
203,4491.282051,4505.128205,4563.589743,4342.564102,4461.025641,4181.538461,4452.307692,4036.923076,4230.769230,4502.051282,4246.666666,4663.589743,4021.025641,4094.871794
204,4493.333333,4510.769230,4564.102564,4344.102564,4464.615384,4181.025641,4446.666666,4037.435897,4235.897435,4507.179487,4245.128205,4664.615384,4030.256410,4098.974358
205,4487.692307,4505.128205,4556.410256,4339.487179,4462.564102,4176.923076,4442.564102,4028.717948,4233.846153,4517.948717,4235.897435,4661.538461,4017.435897,4088.717948
206,4489.230769,4504.102564,4562.051282,4342.051282,4463.589743,4181.538461,4453.333333,4030.256410,4231.282051,4521.025641,4233.846153,4662.051282,4010.769230,4087.692307
207,4495.897435,4513.846153,4569.743589,4348.717948,4468.717948,4187.179487,4460.000000,4035.384615,4232.307692,4515.384615,4241.538461,4667.179487,4018.461538,4090.769230
208,4493.846153,4517.948717,4568.717948,4347.692307,4468.717948,4184.615384,4458.461538,4033.333333,4237.948717,4517.948717,4248.205128,4672.307692,4025.641025,4093.333333
209,4483.589743,4503.589743,4560.000000,4341.025641,4461.025641,4174.358974,4455.384615,4026.666666,4238.461538,4513.333333,4238.974358,4667.179487,4021.025641,4093.333333
210,4481.025641,4494.871794,4555.897435,4333.333333,4455.384615,4170.256410,4449.743589,4023.076923,4231.794871,4500.000000,4229.230769,4657.435897,4020.000000,4092.820512
211,4488.205128,4503.589743,4564.615384,4330.256410,4458.461538,4177.948717,4454.358974,4032.820512,4230.769230,4503.076923,4242.564102,4663.076923,4028.717948,4098.974358
212,4496.410256,4511.282051,4571.794871,4335.384615,4463.589743,4183.589743,4463.589743,4042.564102,4236.923076,4514.871794,4261.025641,4675.897435,4033.333333,4105.641025
213,4498.974358,4513.846153,4569.743589,4343.076923,4467.179487,4181.538461,4460.512820,4040.000000,4241.538461,4520.000000,4250.256410,4677.435897,4029.230769,4106.666666
214,4495.897435,4515.384615,4568.205128,4347.179487,4468.205128,4183.076923,4456.923076,4036.923076,4241.538461,4516.923076,4233.333333,4671.794871,4026.666666,4105.128205
215,4492.820512,4509.743589,4561.538461,4345.128205,4466.153846,4185.128205,4460.512820,4035.897435,4237.435897,4511.282051,4240.512820,4665.641025,4021.538461,4096.923076
216,4486.153846,4506.153846,4552.307692,4341.025641,4464.615384,4181.025641,4453.846153,4026.153846,4224.615384,4502.564102,4243.589743,4655.897435,4009.230769,4083.589743
217,4478.461538,4510.256410,4552.820512,4340.000000,4462.564102,4173.846153,4444.615384,4015.384615,4214.871794,4494.871794,4230.256410,4647.692307,4002.564102,4077.435897
218,4482.051282,4507.692307,4554.358974,4343.076923,4458.461538,4174.358974,4451.282051,4017.948717,4221.025641,4496.410256,4230.256410,4650.769230,4005.128205,4084.102564
219,4490.769230,4504.615384,4555.897435,4346.153846,4460.000000,4183.589743,4463.076923,4030.769230,4235.897435,4503.076923,4237.948717,4656.923076,4012.820512,4090.256410
220,4487.692307,4507.179487,4556.410256,4342.564102,4463.076923,4186.153846,4463.589743,4034.358974,4235.384615,4501.538461,4230.256410,4652.820512,4010.256410,4086.153846
221,4476.923076,4503.076923,4551.794871,4332.307692,4456.923076,4176.410256,4455.384615,4024.102564,4222.051282,4495.384615,4222.051282,4643.076923,3997.435898,4078.461538
222,4475.897435,4496.410256,4551.282051,4327.179487,4451.794871,4169.743589,4449.743589,4018.974358,4216.923076,4491.794871,4223.589743,4642.564102,3994.871795,4075.897435
223,4483.076923,4497.948717,4553.846153,4328.205128,4452.307692,4169.743589,4450.769230,4023.589743,4216.410256,4487.692307,4222.564102,4647.179487,4002.051282,4077.948717
224,4485.641025,4505.641025,4554.871794,4330.769230,4455.897435,4169.230769,4451.282051,4028.205128,4215.384615,4488.717948,4230.769230,4647.692307,4008.717948,4085.641025
225,4483.076923,4508.205128,4557.435897,4336.410256,4457.948717,4169.743589,4450.256410,4030.769230,4222.564102,4498.461538,4239.487179,4648.717948,4008.717948,4090.769230
226,4485.128205,4505.641025,4555.384615,4341.025641,4457.948717,4169.743589,4451.282051,4030.256410,4228.205128,4502.051282,4228.205128,4652.307692,4002.564102,4085.641025
227,4492.820512,4508.717948,4554.358974,4342.051282,4461.538461,4174.871794,4457.948717,4032.820512,4223.076923,4497.948717,4222.564102,4656.923076,4005.641025,4085.641025
228,4493.846153,4516.923076,4562.564102,4343.076923,4465.128205,4180.000000,4458.461538,4039.487179,4220.512820,4498.974358,4231.282051,4659.487179,4020.000000,4091.794871
229,4488.205128,4513.333333,4566.666666,4341.025641,4462.051282,4176.410256,4451.794871,4037.948717,4225.641025,4504.615384,4233.846153,4652.820512,4021.538461,4089.743589
230,4489.230769,4511.282051,4565.128205,4342.564102,4463.589743,4173.846153,4452.820512,4040.512820,4237.948717,4510.769230,4234.871794,4649.743589,4014.871794,4091.282051
231,4498.461538,4516.923076,4569.743589,4351.282051,4472.307692,4182.564102,4464.615384,4052.307692,4247.179487,4512.820512,4246.666666,4659.487179,4020.512820,4101.025641
232,4506.666666,4512.307692,4571.794871,4350.769230,4477.435897,4187.692307,4473.846153,4053.846153,4242.051282,4511.282051,4253.333333,4665.641025,4027.692307,4104.102564
233,4508.205128,4511.794871,4572.307692,4345.128205,4474.358974,4185.128205,4475.897435,4050.769230,4237.948717,4515.384615,4247.179487,4664.615384,4024.615384,4104.102564
234,4504.615384,4522.051282,4574.358974,4348.205128,4468.717948,4180.000000,4472.307692,4053.846153,4242.564102,4520.512820,4243.589743,4664.102564,4018.974358,4104.615384
235,4495.897435,4518.974358,4566.153846,4346.153846,4462.564102,4174.358974,4463.076923,4046.666666,4240.000000,4513.333333,4238.461538,4656.410256,4016.923076,4097.948717
236,4488.205128,4510.769230,4553.333333,4340.512820,4458.974358,4171.794871,4456.923076,4035.897435,4229.230769,4497.435897,4234.358974,4646.153846,4014.871794,4089.230769
237,4487.179487,4511.794871,4553.846153,4343.076923,4459.487179,4172.820512,4458.461538,4037.435897,4222.564102,4493.333333,4235.897435,4644.615384,4010.256410,4086.153846
238,4489.743589,4510.769230,4558.461538,4344.102564,4459.487179,4173.846153,4458.974358,4039.487179,4224.102564,4501.025641,4233.333333,4647.179487,4005.128205,4084.615384
239,4488.205128,4512.307692,4557.435897,4339.487179,4459.487179,4175.384615,4457.435897,4039.487179,4226.666666,4501.538461,4232.307692,4645.641025,4001.538461,4083.076923
240,4482.051282,4511.794871,4553.333333,4334.871794,4461.025641,4172.307692,4457.948717,4041.025641,4226.153846,4497.435897,4233.846153,4642.564102,3999.487180,4077.435897
241,4482.051282,4502.051282,4559.487179,4336.410256,4461.538461,4171.282051,4457.435897,4044.615384,4235.384615,4500.512820,4228.717948,4647.179487,4005.641025,4081.538461
242,4498.461538,4505.128205,4571.794871,4345.641025,4462.051282,4175.384615,4461.538461,4051.794871,4246.666666,4507.692307,4235.897435,4659.487179,4021.538461,4103.589743
243,4510.769230,4518.974358,4575.897435,4347.692307,4463.589743,4174.871794,4463.589743,4054.358974,4243.589743,4513.846153,4253.846153,4666.153846,4029.743589,4111.282051
244,4501.538461,4518.461538,4567.179487,4339.487179,4461.025641,4169.743589,4457.948717,4046.666666,4237.948717,4517.435897,4247.692307,4659.487179,4015.384615,4094.358974
245,4492.820512,4513.846153,4563.589743,4338.461538,4459.487179,4169.743589,4456.410256,4041.025641,4235.897435,4511.794871,4235.384615,4653.846153,4006.153846,4089.230769
246,4494.871794,4515.897435,4570.769230,4347.179487,4466.666666,4171.794871,4460.000000,4043.589743,4232.307692,4504.615384,4246.666666,4658.461538,4018.974358,4098.461538
247,4491.794871,4511.794871,4567.692307,4343.589743,4465.641025,4170.256410,4453.846153,4040.000000,4229.743589,4505.128205,4248.717948,4656.410256,4023.076923,4093.333333
248,4489.230769,4506.153846,4559.487179,4331.282051,4460.512820,4168.717948,4446.153846,4030.769230,4228.205128,4500.512820,4229.743589,4647.692307,4009.743589,4084.615384
249,4497.435897,4512.307692,4562.051282,4331.282051,4465.128205,4170.769230,4454.871794,4033.333333,4227.692307,4498.974358,4226.666666,4649.230769,4002.564102,4089.230769
250,4499.487179,4515.384615,4564.102564,4338.974358,4466.666666,4173.333333,4464.102564,4041.538461,4232.307692,4509.230769,4234.871794,4654.871794,4006.153846,4093.333333
251,4492.307692,4507.692307,4556.923076,4338.974358,4464.102564,4173.846153,4462.051282,4040.512820,4233.333333,4513.333333,4232.307692,4653.846153,4012.820512,4090.256410
252,4491.282051,4506.153846,4554.358974,4334.871794,4465.641025,4172.820512,4460.512820,4035.897435,4234.358974,4508.717948,4231.282051,4652.820512,4016.410256,4088.717948
253,4496.410256,4511.794871,4558.461538,4334.358974,4466.666666,4172.820512,4463.076923,4036.410256,4238.461538,4506.666666,4236.923076,4654.871794,4012.307692,4089.743589
254,4497.948717,4513.846153,4557.435897,4337.948717,4464.615384,4173.333333,4462.051282,4031.794871,4234.358974,4504.615384,4228.205128,4651.282051,4007.692307,4088.717948
255,4494.358974,4512.307692,4554.358974,4341.025641,4462.564102,4173.846153,4460.000000,4026.153846,4225.641025,4498.974358,4214.358974,4650.256410,4010.769230,4086.666666
256,4490.769230,4506.153846,4553.846153,4341.025641,4460.512820,4171.794871,4462.051282,4026.666666,4222.051282,4498.974358,4223.076923,4651.794871,4012.307692,4088.205128
257,4492.307692,4506.153846,4554.871794,4342.051282,4458.974358,4169.230769,4461.538461,4025.641025,4224.615384,4498.974358,4238.461538,4648.717948,4010.256410,4088.205128
258,4495.384615,4511.794871,4556.410256,4345.641025,4463.076923,4172.820512,4460.000000,4024.615384,4231.282051,4499.487179,4237.948717,4647.179487,4008.717948,4084.102564
259,4492.820512,4510.769230,4555.384615,4342.564102,4467.179487,4177.948717,4469.230769,4028.205128,4233.846153,4505.641025,4230.769230,4651.794871,4006.666666,4086.666666
260,4490.769230,4505.641025,4554.358974,4338.974358,4467.179487,4177.435897,4472.307692,4027.692307,4228.205128,4506.666666,4227.692307,4652.307692,4008.717948,4089.230769
261,4489.230769,4509.230769,4554.358974,4343.076923,4461.538461,4171.282051,4463.076923,4022.564102,4225.641025,4504.102564,4229.230769,4647.692307,4007.692307,4084.102564
262,4490.769230,4515.897435,4555.897435,4345.641025,4460.000000,4168.717948,4463.076923,4021.025641,4229.743589,4502.051282,4235.897435,4649.743589,3999.487180,4083.076923
263,4494.871794,4512.307692,4555.897435,4342.051282,4462.564102,4172.307692,4468.717948,4023.076923,4234.358974,4496.410256,4235.897435,4654.871794,3997.948718,4091.282051
