,AF3,F7,F3,FC5,T7,P7,O1,O2,P8,T8,FC6,F4,F8,AF4
0,4398.974358,4532.820512,4536.410256,4382.051282,4504.615384,4220.512820,4443.076923,4211.794871,4239.487179,4502.051282,4218.461538,4631.794871,3970.256411,4035.897435
1,4398.974358,4536.410256,4538.461538,4386.153846,4500.512820,4215.384615,4441.025641,4213.333333,4230.769230,4498.974358,4216.410256,4630.256410,3973.846154,4040.512820
2,4385.128205,4530.769230,4530.256410,4371.794871,4494.358974,4209.230769,4431.794871,4203.589743,4217.948717,4480.000000,4206.153846,4617.435897,3967.179488,4031.794871
3,4369.230769,4530.769230,4525.641025,4369.743589,4494.358974,4211.282051,4433.333333,4202.051282,4222.051282,4480.000000,4202.051282,4622.051282,3961.538462,4028.205128
4,4356.410256,4532.820512,4522.051282,4372.307692,4495.897435,4214.358974,4435.384615,4204.102564,4222.564102,4482.051282,4205.128205,4629.743589,3965.128206,4028.717948
5,4346.153846,4527.692307,4517.435897,4370.769230,4497.948717,4216.410256,4429.743589,4204.102564,4217.948717,4478.461538,4202.564102,4622.051282,3969.230770,4027.179487
6,4338.461538,4530.769230,4522.564102,4382.051282,4504.102564,4220.512820,4434.871794,4210.769230,4227.179487,4485.128205,4197.435897,4623.076923,3967.179488,4028.717948
7,4333.333333,4543.589743,4530.256410,4389.230769,4510.256410,4222.051282,4444.102564,4212.820512,4233.846153,4491.794871,4200.512820,4633.333333,3965.641026,4034.871794
8,4325.641025,4542.051282,4526.153846,4379.487179,4506.666666,4222.051282,4441.538461,4207.692307,4227.179487,4486.666666,4207.692307,4629.743589,3966.666667,4036.410256
9,4317.435897,4531.794871,4520.000000,4372.820512,4500.000000,4223.589743,4436.923076,4210.256410,4225.641025,4485.641025,4212.820512,4623.589743,3966.666667,4034.358974
10,4320.512820,4532.307692,4527.179487,4376.923076,4503.589743,4224.615384,4442.051282,4216.410256,4233.333333,4493.333333,4216.410256,4634.358974,3970.256411,4040.512820
11,4325.128205,4535.384615,4533.333333,4376.923076,4507.179487,4224.102564,4445.128205,4215.384615,4238.974358,4499.487179,4217.948717,4643.076923,3980.000000,4046.153846
12,4313.333333,4530.256410,4525.128205,4371.794871,4500.512820,4221.538461,4438.461538,4212.307692,4236.410256,4493.333333,4212.307692,4636.410256,3980.000000,4038.461538
13,4295.897435,4526.666666,4518.974358,4372.307692,4497.435897,4217.435897,4428.205128,4204.615384,4221.538461,4478.461538,4207.179487,4628.205128,3961.025642,4027.179487
14,4293.846153,4530.769230,4524.102564,4373.846153,4505.128205,4215.897435,4427.179487,4197.948717,4208.205128,4472.307692,4205.128205,4629.743589,3949.230770,4026.666666
15,4301.538461,4534.871794,4531.794871,4378.461538,4508.205128,4221.538461,4438.461538,4206.153846,4219.487179,4486.153846,4207.179487,4636.923076,3962.564103,4033.846153
16,4301.538461,4536.923076,4531.794871,4381.025641,4505.128205,4225.641025,4445.128205,4216.410256,4235.384615,4501.025641,4213.333333,4639.487179,3975.384616,4037.948717
17,4296.410256,4537.435897,4523.076923,4378.974358,4506.153846,4224.615384,4442.564102,4211.794871,4228.717948,4490.769230,4212.820512,4636.923076,3968.717949,4036.410256
18,4294.358974,4538.461538,4520.000000,4385.128205,4509.230769,4221.025641,4442.564102,4206.153846,4217.948717,4476.410256,4202.564102,4634.358974,3964.615385,4036.923076
19,4290.769230,4534.871794,4522.564102,4389.743589,4504.615384,4215.384615,4441.025641,4206.666666,4224.615384,4481.025641,4194.871794,4633.846153,3962.564103,4032.307692
20,4283.589743,4527.179487,4519.487179,4378.974358,4498.461538,4215.384615,4433.846153,4204.102564,4229.743589,4487.692307,4201.025641,4632.307692,3953.846154,4022.564102
21,4280.512820,4525.128205,4519.487179,4371.794871,4501.025641,4221.025641,4433.333333,4202.051282,4225.128205,4486.153846,4211.282051,4632.307692,3959.487180,4026.153846
22,4281.538461,4528.717948,4521.025641,4378.461538,4505.641025,4222.051282,4440.512820,4205.641025,4225.128205,4487.179487,4207.179487,4633.333333,3972.307693,4035.384615
23,4283.589743,4530.769230,4520.512820,4378.974358,4503.589743,4224.102564,4443.589743,4215.384615,4234.871794,4488.205128,4203.589743,4635.384615,3969.743590,4038.461538
24,4285.128205,4534.358974,4523.076923,4376.410256,4504.102564,4229.230769,4443.076923,4225.641025,4240.512820,4486.666666,4219.487179,4642.564102,3968.717949,4042.051282
25,4284.615384,4540.000000,4524.615384,4384.102564,4507.692307,4227.179487,4443.076923,4224.615384,4237.435897,4491.282051,4231.282051,4644.102564,3977.948718,4043.589743
26,4284.102564,4541.538461,4521.538461,4389.230769,4508.717948,4224.102564,4441.538461,4212.820512,4236.410256,4495.897435,4216.923076,4639.487179,3978.461539,4042.564102
27,4285.641025,4541.025641,4525.128205,4382.051282,4510.256410,4226.153846,4439.487179,4214.358974,4242.564102,4499.487179,4210.769230,4643.076923,3980.512821,4046.666666
28,4285.128205,4539.487179,4528.205128,4378.974358,4510.769230,4227.692307,4443.076923,4223.589743,4251.794871,4508.205128,4222.564102,4648.205128,3993.846154,4050.256410
29,4279.487179,4537.435897,4519.487179,4378.974358,4505.641025,4223.589743,4443.589743,4215.897435,4246.153846,4505.641025,4218.974358,4640.000000,3986.153847,4041.025641
30,4272.307692,4541.538461,4514.358974,4370.769230,4501.025641,4219.487179,4437.948717,4204.102564,4228.205128,4484.102564,4211.282051,4635.897435,3965.128206,4031.282051
31,4272.307692,4541.025641,4520.512820,4368.717948,4505.128205,4221.538461,4437.948717,4207.692307,4226.666666,4477.948717,4223.589743,4646.153846,3970.256411,4036.410256
32,4277.948717,4533.846153,4524.615384,4374.871794,4503.589743,4223.076923,4436.923076,4216.410256,4244.102564,4495.384615,4224.615384,4650.256410,3985.128206,4048.205128
33,4282.564102,4529.743589,4522.051282,4371.794871,4495.897435,4218.974358,4434.358974,4216.923076,4250.256410,4500.000000,4209.230769,4647.179487,3981.025642,4048.205128
34,4278.461538,4532.820512,4523.589743,4370.256410,4499.487179,4218.974358,4438.461538,4215.384615,4241.538461,4490.256410,4208.717948,4647.179487,3975.384616,4037.948717
35,4271.282051,4538.461538,4523.076923,4379.487179,4505.641025,4222.051282,4436.410256,4213.333333,4232.820512,4488.717948,4211.794871,4640.000000,3971.794872,4033.846153
36,4269.230769,4543.076923,4513.846153,4378.974358,4501.538461,4217.435897,4426.666666,4201.538461,4223.589743,4481.538461,4198.461538,4628.205128,3964.615385,4031.794871
37,4274.871794,4544.102564,4514.871794,4370.256410,4498.461538,4216.923076,4426.153846,4193.333333,4218.461538,4468.205128,4193.333333,4633.333333,3964.615385,4029.230769
38,4281.025641,4545.128205,4524.102564,4375.897435,4501.538461,4221.538461,4430.769230,4197.435897,4227.179487,4476.410256,4208.717948,4642.564102,3966.153847,4032.820512
39,4277.435897,4544.615384,4519.487179,4378.974358,4501.025641,4215.897435,4424.102564,4198.461538,4229.743589,4488.205128,4214.358974,4636.923076,3962.564103,4036.410256
40,4274.358974,4541.025641,4511.794871,4369.743589,4498.974358,4211.282051,4420.512820,4192.307692,4220.000000,4480.000000,4204.615384,4632.820512,3966.153847,4038.974358
41,4278.461538,4542.051282,4518.974358,4371.282051,4503.076923,4221.538461,4429.230769,4198.461538,4221.538461,4476.410256,4206.666666,4637.948717,3971.794872,4041.025641
42,4278.974358,4543.589743,4523.589743,4378.974358,4504.102564,4226.153846,4437.948717,4208.205128,4228.717948,4480.512820,4212.307692,4636.410256,3966.666667,4036.923076
43,4278.974358,4541.538461,4521.538461,4374.358974,4502.051282,4222.051282,4442.051282,4208.717948,4228.717948,4480.512820,4211.282051,4637.435897,3967.692308,4038.461538
44,4287.692307,4543.589743,4526.666666,4370.256410,4502.051282,4223.589743,4444.615384,4211.282051,4227.179487,4484.615384,4213.846153,4647.179487,3976.923077,4046.666666
45,4289.230769,4546.153846,4527.179487,4378.974358,4507.179487,4226.666666,4441.538461,4212.307692,4225.128205,4486.153846,4222.564102,4647.692307,3974.358975,4043.589743
46,4282.051282,4542.564102,4521.025641,4387.179487,4510.256410,4220.512820,4438.461538,4208.205128,4227.179487,4486.153846,4221.538461,4643.076923,3965.641026,4035.897435
47,4286.153846,4536.923076,4523.589743,4386.153846,4506.153846,4217.948717,4441.025641,4210.769230,4235.384615,4490.256410,4212.820512,4643.589743,3970.256411,4042.051282
48,4288.717948,4530.256410,4521.025641,4377.435897,4500.512820,4220.512820,4439.487179,4211.282051,4231.794871,4481.538461,4204.615384,4636.923076,3974.871795,4045.641025
49,4277.435897,4528.717948,4508.717948,4367.692307,4498.461538,4217.435897,4435.384615,4206.666666,4224.102564,4471.282051,4202.564102,4626.666666,3965.128206,4034.871794
50,4272.820512,4530.769230,4511.282051,4367.692307,4498.461538,4214.871794,4438.974358,4208.717948,4230.256410,4481.538461,4208.717948,4628.205128,3957.948718,4027.179487
51,4276.923076,4525.641025,4516.410256,4370.256410,4502.051282,4217.948717,4441.025641,4213.846153,4230.769230,4486.153846,4212.307692,4629.743589,3961.538462,4026.666666
52,4277.435897,4520.512820,4511.282051,4367.179487,4499.487179,4215.897435,4436.923076,4211.282051,4223.076923,4475.897435,4211.794871,4630.256410,3964.615385,4031.282051
53,4278.974358,4524.615384,4514.358974,4366.153846,4491.282051,4208.717948,4432.307692,4208.205128,4222.564102,4476.410256,4214.358974,4635.384615,3966.666667,4040.000000
54,4288.205128,4529.743589,4524.102564,4369.743589,4493.846153,4209.743589,4434.871794,4207.692307,4225.641025,4483.589743,4223.076923,4640.000000,3977.948718,4048.717948
55,4294.358974,4535.384615,4526.666666,4375.384615,4502.564102,4217.948717,4438.974358,4211.794871,4233.846153,4487.692307,4225.641025,4645.128205,3984.102565,4051.794871
56,4290.769230,4542.051282,4520.000000,4378.461538,4503.589743,4220.000000,4436.923076,4217.435897,4240.000000,4491.282051,4213.846153,4645.641025,3973.333334,4045.128205
57,4284.102564,4534.871794,4512.307692,4372.820512,4499.487179,4214.358974,4431.794871,4213.846153,4229.743589,4487.692307,4206.153846,4636.923076,3963.589744,4036.410256
58,4286.153846,4526.153846,4514.871794,4367.692307,4496.923076,4213.333333,4434.358974,4212.307692,4229.743589,4484.615384,4214.358974,4633.846153,3967.692308,4039.487179
59,4285.128205,4524.102564,4516.923076,4367.179487,4498.974358,4216.410256,4440.000000,4213.333333,4235.897435,4483.589743,4213.846153,4633.846153,3966.666667,4037.948717
60,4274.871794,4514.871794,4508.205128,4363.589743,4501.025641,4214.358974,4435.384615,4203.076923,4223.589743,4469.230769,4198.461538,4621.538461,3952.820513,4021.025641
61,4276.410256,4515.384615,4507.179487,4365.128205,4496.410256,4211.282051,4434.358974,4201.025641,4218.974358,4465.641025,4198.974358,4615.384615,3954.871795,4022.051282
62,4288.717948,4529.230769,4513.846153,4370.769230,4493.333333,4213.846153,4438.974358,4210.769230,4229.743589,4479.487179,4206.153846,4621.538461,3968.717949,4038.974358
63,4292.820512,4531.282051,4508.717948,4364.615384,4496.410256,4218.974358,4440.512820,4215.384615,4231.282051,4478.974358,4201.025641,4620.000000,3964.102565,4036.410256
64,4290.256410,4523.076923,4503.589743,4358.461538,4497.948717,4218.974358,4440.512820,4219.487179,4233.846153,4474.871794,4200.512820,4617.948717,3954.871795,4026.153846
65,4293.333333,4520.000000,4510.769230,4365.128205,4495.384615,4216.410256,4443.076923,4228.205128,4246.153846,4486.153846,4214.358974,4625.641025,3965.128206,4032.820512
66,4298.461538,4517.948717,4514.871794,4368.717948,4495.384615,4216.410256,4444.102564,4228.205128,4249.743589,4490.256410,4221.025641,4630.769230,3985.128206,4043.076923
67,4295.897435,4517.948717,4512.307692,4371.282051,4498.974358,4218.974358,4441.025641,4221.025641,4246.153846,4481.538461,4216.923076,4624.615384,3990.769231,4037.435897
68,4288.205128,4517.948717,4505.641025,4367.179487,4498.461538,4215.384615,4434.358974,4210.769230,4238.974358,4475.897435,4212.820512,4613.333333,3976.923077,4023.076923
69,4292.820512,4520.000000,4503.589743,4357.948717,4497.435897,4215.384615,4431.794871,4207.692307,4235.897435,4481.538461,4213.333333,4610.769230,3972.307693,4026.666666
70,4309.743589,4532.307692,4509.230769,4365.641025,4499.487179,4224.615384,4441.538461,4223.076923,4249.743589,4492.820512,4213.846153,4619.487179,3985.128206,4044.615384
71,4311.282051,4533.846153,4510.256410,4375.384615,4500.512820,4226.153846,4447.179487,4229.743589,4258.461538,4491.794871,4208.717948,4622.051282,3985.128206,4041.538461
72,4294.871794,4511.794871,4502.564102,4362.564102,4498.974358,4223.589743,4439.487179,4222.564102,4251.794871,4480.512820,4207.179487,4614.871794,3970.256411,4020.512820
73,4284.615384,4493.846153,4498.461538,4347.179487,4500.000000,4225.128205,4439.487179,4222.564102,4251.282051,4484.615384,4212.307692,4612.820512,3964.102565,4011.794871
74,4293.333333,4498.974358,4503.076923,4355.897435,4501.025641,4226.666666,4449.230769,4228.717948,4255.384615,4498.974358,4214.871794,4614.358974,3966.666667,4017.435897
75,4306.153846,4512.307692,4507.179487,4364.615384,4497.435897,4225.128205,4449.230769,4228.717948,4244.615384,4497.948717,4209.230769,4612.820512,3967.692308,4022.564102
76,4309.743589,4516.410256,4506.153846,4357.435897,4493.333333,4222.564102,4446.666666,4226.153846,4235.897435,4486.153846,4200.000000,4609.743589,3969.230770,4020.512820
77,4308.717948,4512.307692,4507.179487,4352.820512,4493.333333,4223.076923,4446.153846,4226.666666,4242.051282,4480.000000,4202.564102,4610.769230,3965.128206,4010.769230
78,4307.692307,4507.179487,4507.692307,4355.897435,4497.435897,4218.974358,4436.923076,4225.641025,4243.589743,4485.128205,4206.666666,4610.256410,3953.846154,4006.666666
79,4302.564102,4502.051282,4505.641025,4357.435897,4498.974358,4218.461538,4430.769230,4225.641025,4243.076923,4495.384615,4205.128205,4611.282051,3956.410257,4011.282051
80,4295.897435,4487.179487,4507.179487,4352.307692,4494.358974,4222.564102,4442.051282,4228.205128,4252.820512,4500.000000,4205.641025,4616.923076,3964.102565,4007.179487
81,4298.974358,4475.384615,4506.666666,4349.230769,4493.333333,4224.615384,4460.000000,4238.461538,4261.538461,4502.564102,4213.333333,4620.512820,3961.538462,4003.589743
82,4314.358974,4486.666666,4506.153846,4344.102564,4497.435897,4224.615384,4464.615384,4241.538461,4257.435897,4498.974358,4214.358974,4617.435897,3957.435898,4009.743589
83,4324.615384,4503.589743,4509.230769,4341.538461,4496.923076,4225.641025,4457.435897,4228.205128,4243.589743,4486.153846,4203.076923,4616.410256,3954.871795,4011.794871
84,4325.641025,4509.230769,4503.589743,4355.384615,4497.435897,4228.205128,4451.282051,4217.435897,4234.358974,4477.948717,4196.923076,4616.410256,3953.846154,4010.256410
85,4322.051282,4509.230769,4490.256410,4365.641025,4501.025641,4226.153846,4446.153846,4216.923076,4236.410256,4478.461538,4190.256410,4610.256410,3952.820513,4007.692307
86,4320.000000,4511.282051,4494.358974,4359.487179,4497.435897,4221.025641,4437.435897,4217.435897,4241.025641,4482.051282,4184.615384,4608.205128,3951.794872,4004.102564
87,4322.564102,4516.410256,4503.589743,4355.384615,4490.256410,4220.000000,4433.846153,4218.974358,4239.487179,4490.769230,4198.461538,4615.384615,3952.307693,4006.153846
88,4323.076923,4517.435897,4501.025641,4358.461538,4495.384615,4224.615384,4438.974358,4226.153846,4240.000000,4498.461538,4211.794871,4619.487179,3958.974359,4014.871794
89,4316.410256,4507.179487,4501.025641,4350.769230,4500.512820,4223.589743,4446.153846,4232.820512,4247.692307,4496.923076,4207.179487,4616.923076,3967.179488,4014.871794
90,4312.820512,4496.410256,4507.179487,4345.128205,4490.256410,4220.512820,4453.333333,4237.948717,4256.410256,4496.923076,4211.282051,4616.410256,3970.769231,4011.282051
91,4320.512820,4498.461538,4507.179487,4355.384615,4485.641025,4223.589743,4461.538461,4238.974358,4255.897435,4504.102564,4227.179487,4618.974358,3970.769231,4016.410256
92,4331.282051,4504.615384,4505.641025,4367.179487,4494.871794,4226.666666,4462.564102,4230.256410,4253.333333,4511.794871,4221.538461,4617.948717,3967.692308,4020.512820
93,4340.512820,4513.846153,4510.256410,4368.205128,4500.512820,4228.717948,4455.897435,4224.102564,4258.461538,4513.846153,4208.205128,4616.410256,3971.794872,4022.564102
94,4346.666666,4527.179487,4510.256410,4364.615384,4503.076923,4232.307692,4449.743589,4227.692307,4260.000000,4511.794871,4212.820512,4618.974358,3978.461539,4025.641025
95,4344.615384,4528.205128,4502.564102,4366.153846,4506.153846,4227.692307,4443.076923,4229.230769,4251.282051,4509.230769,4220.512820,4617.435897,3977.948718,4024.102564
96,4340.000000,4521.025641,4496.923076,4363.589743,4501.025641,4217.948717,4436.923076,4222.564102,4246.153846,4503.076923,4224.615384,4610.769230,3980.000000,4022.564102
97,4341.025641,4523.589743,4501.538461,4359.487179,4495.384615,4221.538461,4441.025641,4223.076923,4250.769230,4501.538461,4226.666666,4613.333333,3984.102565,4024.102564
98,4342.564102,4523.076923,4516.923076,4364.615384,4498.461538,4229.230769,4452.820512,4234.871794,4255.384615,4512.307692,4224.615384,4626.666666,3978.461539,4023.589743
99,4342.564102,4511.282051,4533.333333,4373.846153,4497.948717,4226.666666,4464.615384,4243.076923,4266.666666,4521.025641,4232.307692,4639.487179,3980.512821,4027.692307
100,4347.692307,4506.153846,4537.948717,4372.820512,4489.743589,4224.102564,4474.871794,4244.615384,4276.410256,4515.384615,4239.487179,4642.051282,3989.230770,4035.384615
101,4351.282051,4508.205128,4536.410256,4367.179487,4489.230769,4227.692307,4475.897435,4242.564102,4269.230769,4515.384615,4228.205128,4639.487179,3988.205129,4036.923076
102,4352.307692,4502.564102,4533.846153,4365.128205,4492.307692,4223.589743,4467.692307,4243.589743,4263.076923,4528.717948,4223.076923,4638.461538,3984.615385,4038.461538
103,4359.487179,4500.512820,4531.282051,4361.538461,4487.692307,4217.435897,4463.589743,4244.102564,4270.769230,4531.794871,4238.461538,4637.948717,3992.820513,4043.589743
104,4368.717948,4520.512820,4532.307692,4374.871794,4490.256410,4229.230769,4463.076923,4240.000000,4270.256410,4522.051282,4241.538461,4636.410256,3994.358975,4045.128205
105,4366.153846,4538.974358,4530.769230,4388.205128,4504.102564,4237.435897,4454.358974,4227.179487,4254.871794,4514.358974,4223.076923,4632.307692,3978.461539,4037.948717
106,4350.769230,4531.794871,4522.564102,4370.256410,4508.205128,4227.692307,4441.538461,4209.743589,4241.025641,4501.025641,4206.666666,4621.538461,3964.615385,4023.076923
107,4344.615384,4520.512820,4513.846153,4357.948717,4502.564102,4226.666666,4442.564102,4204.615384,4233.846153,4485.641025,4205.641025,4614.358974,3967.692308,4018.974358
108,4355.897435,4526.666666,4513.846153,4372.307692,4502.051282,4236.410256,4454.358974,4216.923076,4237.948717,4489.230769,4217.435897,4623.076923,3973.333334,4033.846153
109,4367.692307,4532.307692,4518.461538,4376.410256,4508.205128,4235.897435,4456.410256,4229.230769,4250.256410,4503.589743,4223.076923,4632.307692,3972.820513,4041.538461
110,4365.641025,4530.256410,4522.051282,4369.230769,4510.256410,4230.256410,4452.307692,4229.230769,4256.410256,4505.641025,4218.461538,4628.205128,3976.923077,4034.871794
111,4360.000000,4528.205128,4523.076923,4377.435897,4504.102564,4229.743589,4451.282051,4226.153846,4258.461538,4500.000000,4217.948717,4626.153846,3982.564103,4033.333333
112,4363.076923,4521.538461,4521.538461,4378.461538,4497.435897,4224.615384,4448.717948,4222.051282,4252.307692,4493.846153,4216.923076,4625.641025,3973.333334,4035.897435
113,4368.205128,4519.487179,4523.076923,4370.256410,4493.846153,4219.487179,4446.153846,4218.461538,4240.512820,4489.743589,4217.435897,4620.000000,3965.641026,4036.410256
114,4367.179487,4526.666666,4523.589743,4375.384615,4490.769230,4219.487179,4449.230769,4224.615384,4241.025641,4495.384615,4223.076923,4624.102564,3974.358975,4035.384615
115,4363.076923,4531.282051,4524.102564,4376.410256,4492.307692,4221.025641,4448.717948,4231.794871,4255.384615,4508.717948,4222.051282,4631.282051,3986.666667,4034.871794
116,4364.102564,4533.846153,4523.589743,4368.205128,4493.846153,4222.051282,4444.615384,4228.205128,4257.948717,4511.794871,4221.538461,4625.641025,3986.153847,4034.871794
117,4368.205128,4532.820512,4521.538461,4366.666666,4489.230769,4221.025641,4441.538461,4221.025641,4242.051282,4500.000000,4223.076923,4617.948717,3979.487180,4035.384615
118,4370.769230,4527.179487,4522.051282,4371.282051,4491.794871,4222.051282,4444.615384,4220.512820,4238.974358,4496.410256,4216.923076,4622.051282,3981.538462,4034.871794
119,4376.410256,4528.717948,4524.615384,4377.948717,4498.974358,4227.692307,4449.743589,4223.076923,4252.820512,4501.538461,4219.487179,4627.692307,3986.153847,4035.897435
120,4383.076923,4535.384615,4524.615384,4384.615384,4500.000000,4231.794871,4451.282051,4222.051282,4256.923076,4506.153846,4232.307692,4626.153846,3987.692308,4042.051282
121,4378.974358,4534.871794,4522.051282,4384.102564,4503.589743,4228.717948,4446.666666,4218.974358,4246.153846,4509.743589,4232.820512,4623.589743,3990.256411,4045.641025
122,4377.948717,4537.948717,4527.692307,4381.025641,4507.692307,4227.179487,4445.128205,4220.000000,4244.615384,4509.743589,4225.128205,4625.641025,3991.794872,4042.564102
123,4390.769230,4545.641025,4535.384615,4381.538461,4504.102564,4231.282051,4453.846153,4229.743589,4258.461538,4512.307692,4224.102564,4631.794871,3994.871795,4046.666666
124,4391.794871,4536.410256,4533.333333,4380.512820,4500.000000,4231.282051,4457.948717,4233.333333,4256.410256,4511.794871,4223.076923,4633.333333,3994.871795,4049.743589
125,4380.000000,4518.461538,4531.794871,4377.435897,4498.461538,4225.128205,4451.794871,4225.641025,4241.538461,4503.076923,4229.743589,4629.230769,3985.641026,4046.153846
126,4384.615384,4515.897435,4537.435897,4378.974358,4492.307692,4224.102564,4450.256410,4227.179487,4245.128205,4502.051282,4236.923076,4631.282051,3981.538462,4046.666666
127,4394.358974,4525.641025,4539.487179,4384.102564,4489.230769,4227.179487,4457.948717,4240.000000,4260.512820,4513.846153,4231.282051,4638.974358,3992.820513,4052.820512
128,4392.307692,4530.256410,4536.923076,4379.487179,4488.717948,4222.051282,4462.564102,4244.102564,4261.025641,4516.410256,4222.051282,4643.076923,3998.974359,4056.410256
129,4391.282051,4523.589743,4538.461538,4365.128205,4486.666666,4216.410256,4454.871794,4236.923076,4252.307692,4511.282051,4219.487179,4638.461538,3988.205129,4057.435897
130,4397.948717,4525.641025,4541.025641,4369.743589,4488.717948,4221.025641,4452.307692,4236.923076,4252.307692,4513.333333,4230.769230,4633.333333,3981.538462,4055.897435
131,4399.487179,4536.923076,4540.512820,4390.256410,4493.846153,4226.666666,4457.435897,4236.923076,4255.897435,4505.641025,4235.384615,4632.820512,3985.128206,4050.256410
132,4387.179487,4527.179487,4528.205128,4385.641025,4495.384615,4222.564102,4452.307692,4223.589743,4247.692307,4491.794871,4214.871794,4625.641025,3980.000000,4038.974358
133,4368.717948,4504.615384,4507.692307,4363.589743,4491.794871,4215.897435,4433.333333,4206.153846,4226.666666,4483.589743,4193.846153,4605.641025,3963.076924,4026.666666
134,4368.205128,4507.179487,4507.692307,4368.205128,4487.692307,4221.025641,4431.282051,4205.128205,4218.974358,4481.538461,4200.512820,4598.974358,3963.076924,4027.179487
135,4383.589743,4530.769230,4518.461538,4383.589743,4494.358974,4234.358974,4446.666666,4217.435897,4232.820512,4489.230769,4211.794871,4610.769230,3980.000000,4035.384615
136,4386.666666,4538.974358,4514.358974,4381.538461,4504.102564,4234.871794,4446.153846,4217.948717,4238.461538,4491.282051,4207.179487,4613.846153,3977.435898,4033.846153
137,4378.461538,4527.179487,4512.307692,4376.923076,4499.487179,4226.153846,4437.435897,4210.256410,4233.333333,4486.666666,4206.153846,4601.025641,3962.051283,4032.307692
138,4375.897435,4521.025641,4517.435897,4375.897435,4493.846153,4226.666666,4441.538461,4211.282051,4236.410256,4487.179487,4207.692307,4597.948717,3964.615385,4035.897435
139,4376.410256,4526.153846,4516.923076,4376.410256,4493.333333,4226.666666,4442.051282,4210.769230,4237.948717,4489.230769,4207.179487,4603.076923,3975.897436,4033.333333
140,4377.948717,4530.256410,4515.897435,4384.102564,4487.179487,4221.025641,4434.871794,4205.128205,4234.871794,4492.820512,4206.153846,4602.564102,3978.974359,4030.256410
141,4382.564102,4528.205128,4513.846153,4386.666666,4484.615384,4220.000000,4436.410256,4206.666666,4237.948717,4494.358974,4205.641025,4605.128205,3976.923077,4033.333333
142,4383.589743,4529.743589,4513.333333,4378.974358,4487.179487,4221.025641,4440.000000,4208.717948,4236.923076,4489.743589,4214.358974,4614.871794,3976.923077,4039.487179
143,4380.512820,4528.717948,4517.948717,4380.000000,4486.153846,4220.000000,4435.897435,4200.000000,4224.615384,4479.487179,4215.897435,4615.384615,3981.025642,4040.512820
144,4377.435897,4519.487179,4518.974358,4381.025641,4486.153846,4221.025641,4435.897435,4193.846153,4218.974358,4475.384615,4198.974358,4606.666666,3974.871795,4033.333333
145,4376.410256,4518.974358,4515.897435,4370.256410,4491.282051,4223.589743,4440.512820,4200.000000,4225.641025,4478.974358,4193.333333,4603.589743,3961.025642,4029.230769
146,4379.487179,4527.179487,4522.564102,4369.743589,4497.435897,4228.717948,4443.589743,4207.692307,4229.230769,4480.512820,4207.179487,4609.230769,3962.051283,4034.358974
147,4385.128205,4530.769230,4529.230769,4380.000000,4501.025641,4231.794871,4448.205128,4209.743589,4226.153846,4478.461538,4212.820512,4615.384615,3974.871795,4042.564102
148,4388.205128,4531.282051,4527.179487,4383.076923,4497.435897,4229.230769,4449.743589,4213.846153,4229.230769,4482.051282,4210.769230,4617.435897,3977.948718,4045.128205
149,4381.538461,4529.743589,4524.615384,4375.897435,4490.256410,4222.564102,4442.564102,4213.333333,4234.871794,4490.256410,4203.589743,4610.256410,3971.794872,4036.410256
150,4373.846153,4523.589743,4520.000000,4371.282051,4487.179487,4220.512820,4439.487179,4206.666666,4229.230769,4485.128205,4187.179487,4603.589743,3971.282052,4027.179487
151,4377.948717,4524.102564,4521.025641,4372.307692,4484.102564,4223.076923,4442.564102,4206.666666,4227.179487,4477.948717,4191.794871,4610.769230,3974.871795,4032.820512
152,4386.666666,4530.769230,4530.256410,4375.897435,4486.666666,4226.153846,4444.102564,4213.846153,4238.461538,4485.641025,4215.384615,4620.000000,3972.307693,4043.076923
153,4384.615384,4524.102564,4531.282051,4377.948717,4490.769230,4227.692307,4446.666666,4217.948717,4243.076923,4492.307692,4218.461538,4618.461538,3969.743590,4039.487179
154,4378.461538,4511.794871,4527.179487,4374.358974,4487.179487,4229.230769,4447.692307,4215.897435,4234.358974,4489.230769,4203.589743,4614.871794,3972.820513,4033.333333
155,4380.512820,4517.435897,4532.307692,4372.820512,4487.692307,4227.692307,4443.589743,4211.282051,4234.358974,4485.641025,4203.076923,4615.897435,3972.307693,4038.461538
156,4384.615384,4529.743589,4533.846153,4380.000000,4492.820512,4224.102564,4440.000000,4211.794871,4238.461538,4487.179487,4214.358974,4613.846153,3971.794872,4040.512820
157,4377.435897,4523.589743,4515.897435,4380.512820,4487.179487,4221.025641,4438.974358,4212.307692,4233.846153,4484.102564,4206.666666,4607.179487,3973.846154,4031.794871
158,4371.794871,4517.435897,4502.051282,4368.205128,4480.000000,4220.512820,4432.820512,4204.615384,4235.897435,4485.641025,4189.743589,4598.974358,3970.256411,4027.179487
159,4374.358974,4523.589743,4506.153846,4367.692307,4482.051282,4216.410256,4424.615384,4194.871794,4235.897435,4485.128205,4190.256410,4590.769230,3964.102565,4027.692307
160,4373.846153,4526.153846,4506.153846,4377.435897,4486.666666,4214.358974,4423.076923,4186.153846,4219.487179,4467.692307,4193.846153,4584.615384,3963.076924,4024.102564
161,4376.410256,4521.538461,4503.589743,4377.948717,4490.256410,4219.487179,4428.717948,4186.153846,4215.384615,4467.179487,4189.743589,4586.153846,3965.128206,4023.076923
162,4377.948717,4518.974358,4507.179487,4371.282051,4489.230769,4221.538461,4428.717948,4189.230769,4224.102564,4478.974358,4189.230769,4587.179487,3964.615385,4025.641025
163,4371.794871,4522.051282,4508.205128,4370.769230,4484.102564,4218.974358,4428.205128,4189.230769,4220.000000,4473.333333,4190.256410,4586.153846,3962.564103,4025.641025
164,4374.871794,4527.692307,4508.717948,4373.846153,4488.205128,4223.076923,4438.974358,4197.435897,4223.076923,4472.820512,4189.743589,4594.358974,3965.641026,4031.282051
165,4386.666666,4524.615384,4514.871794,4370.256410,4499.487179,4228.717948,4445.641025,4206.153846,4235.384615,4485.128205,4200.000000,4605.641025,3974.358975,4036.923076
166,4384.102564,4516.923076,4514.871794,4369.743589,4496.923076,4224.102564,4436.410256,4197.948717,4226.153846,4485.128205,4208.205128,4604.615384,3976.923077,4035.897435
167,4374.358974,4517.948717,4507.692307,4376.410256,4486.153846,4219.487179,4426.666666,4187.692307,4213.846153,4481.025641,4200.000000,4601.025641,3967.179488,4033.333333
168,4376.923076,4524.615384,4512.307692,4384.615384,4487.692307,4220.000000,4429.743589,4192.820512,4222.564102,4480.000000,4189.743589,4603.589743,3960.512821,4029.743589
169,4386.666666,4527.692307,4523.589743,4386.666666,4497.435897,4223.589743,4437.435897,4197.435897,4228.205128,4471.794871,4189.230769,4608.717948,3963.076924,4030.769230
170,4389.743589,4532.820512,4525.641025,4385.641025,4502.051282,4228.717948,4442.051282,4201.025641,4227.179487,4473.846153,4193.846153,4614.358974,3968.717949,4038.461538
171,4383.589743,4537.948717,4522.564102,4377.435897,4500.000000,4229.230769,4439.487179,4206.153846,4231.794871,4483.589743,4191.794871,4611.794871,3967.692308,4038.461538
172,4376.410256,4533.846153,4521.025641,4368.717948,4493.846153,4223.076923,4435.384615,4201.538461,4228.717948,4481.025641,4188.717948,4604.615384,3960.512821,4027.179487
173,4377.948717,4528.205128,4522.051282,4375.897435,4485.641025,4217.948717,4434.871794,4199.487179,4222.051282,4476.410256,4192.820512,4605.128205,3960.512821,4025.128205
174,4377.435897,4529.230769,4518.974358,4378.974358,4486.666666,4220.000000,4432.307692,4198.461538,4224.102564,4470.256410,4193.846153,4604.102564,3958.461539,4025.641025
175,4372.820512,4528.717948,4514.358974,4369.743589,4496.410256,4222.051282,4429.743589,4196.410256,4227.179487,4467.179487,4188.205128,4600.512820,3952.820513,4020.000000
176,4378.461538,4525.641025,4518.974358,4367.692307,4496.923076,4224.102564,4435.384615,4201.538461,4230.769230,4478.461538,4192.307692,4607.692307,3956.410257,4018.461538
177,4388.717948,4529.743589,4524.615384,4370.769230,4488.717948,4225.641025,4442.051282,4205.641025,4230.769230,4487.179487,4195.384615,4612.307692,3958.974359,4021.025641
178,4386.153846,4532.820512,4516.923076,4366.666666,4489.743589,4225.641025,4439.487179,4201.538461,4224.615384,4485.128205,4185.128205,4603.589743,3950.769231,4018.974358
179,4382.564102,4529.230769,4508.717948,4358.974358,4497.948717,4227.692307,4437.948717,4197.948717,4221.025641,4483.589743,4183.076923,4597.435897,3950.769231,4014.871794
180,4387.692307,4525.641025,4510.769230,4358.974358,4497.948717,4228.205128,4438.461538,4202.564102,4225.641025,4485.641025,4188.205128,4602.051282,3961.538462,4013.333333
181,4388.717948,4523.589743,4511.794871,4365.641025,4493.333333,4224.102564,4435.384615,4204.615384,4226.666666,4489.743589,4186.666666,4601.025641,3959.487180,4011.794871
182,4383.589743,4521.025641,4506.666666,4371.794871,4491.794871,4220.512820,4427.692307,4200.000000,4218.974358,4488.717948,4186.666666,4592.820512,3947.179488,4005.641025
183,4384.615384,4522.564102,4502.564102,4368.205128,4492.820512,4221.538461,4425.128205,4197.435897,4212.820512,4480.512820,4190.256410,4591.282051,3945.128206,4005.641025
184,4391.794871,4526.666666,4503.589743,4361.025641,4495.384615,4225.641025,4431.282051,4206.666666,4222.051282,4483.076923,4189.230769,4598.461538,3960.512821,4014.358974
185,4395.897435,4527.179487,4510.769230,4365.128205,4500.000000,4228.205128,4436.410256,4213.846153,4234.358974,4490.769230,4187.692307,4603.076923,3967.179488,4016.923076
186,4397.435897,4526.666666,4518.974358,4371.282051,4500.512820,4229.230769,4435.897435,4211.794871,4227.692307,4484.102564,4188.717948,4601.025641,3952.820513,4014.358974
187,4398.974358,4527.692307,4523.076923,4369.743589,4498.461538,4226.666666,4436.410256,4217.435897,4225.641025,4486.153846,4192.307692,4601.538461,3951.794872,4018.461538
188,4401.025641,4527.179487,4521.538461,4370.256410,4498.974358,4229.230769,4444.102564,4222.564102,4237.435897,4498.974358,4204.615384,4611.282051,3966.153847,4022.051282
189,4401.025641,4529.743589,4521.025641,4374.871794,4500.512820,4234.358974,4447.692307,4216.410256,4232.307692,4491.794871,4208.205128,4616.410256,3967.179488,4023.589743
190,4398.974358,4532.307692,4523.076923,4374.871794,4500.512820,4233.333333,4443.076923,4210.256410,4222.051282,4481.538461,4196.410256,4609.230769,3957.435898,4023.076923
191,4397.435897,4528.205128,4523.076923,4365.641025,4496.923076,4227.692307,4440.512820,4208.205128,4227.692307,4488.205128,4189.743589,4600.000000,3955.897436,4016.923076
192,4391.794871,4521.025641,4518.974358,4357.948717,4494.358974,4223.076923,4440.000000,4208.205128,4231.282051,4492.307692,4189.743589,4601.025641,3956.923077,4011.282051
193,4390.256410,4520.512820,4520.000000,4362.564102,4495.384615,4226.153846,4439.487179,4212.820512,4227.692307,4489.230769,4190.769230,4607.692307,3955.897436,4015.384615
194,4403.076923,4531.794871,4528.205128,4374.871794,4501.025641,4236.923076,4446.153846,4216.923076,4232.820512,4494.358974,4202.564102,4614.358974,3963.076924,4024.102564
195,4413.846153,4537.948717,4531.794871,4376.923076,4503.076923,4237.948717,4449.743589,4214.871794,4236.923076,4501.025641,4215.897435,4618.974358,3971.282052,4028.717948
196,4404.615384,4524.615384,4524.615384,4369.230769,4498.974358,4225.128205,4438.974358,4213.333333,4234.871794,4497.435897,4208.717948,4616.923076,3971.794872,4027.692307
197,4396.410256,4513.333333,4513.333333,4366.153846,4492.307692,4220.512820,4434.358974,4212.820512,4232.307692,4492.307692,4201.538461,4613.846153,3969.743590,4020.512820
198,4401.538461,4523.076923,4515.384615,4366.666666,4489.230769,4227.692307,4443.589743,4211.794871,4229.743589,4495.384615,4211.282051,4615.897435,3972.820513,4020.000000
199,4402.564102,4531.794871,4522.051282,4369.743589,4492.820512,4227.692307,4444.615384,4211.794871,4225.128205,4497.948717,4205.641025,4617.435897,3970.256411,4026.153846
200,4395.384615,4520.000000,4514.871794,4369.743589,4492.307692,4222.051282,4436.923076,4208.205128,4217.948717,4485.641025,4184.102564,4610.256410,3957.948718,4024.615384
201,4393.846153,4513.846153,4509.230769,4367.692307,4491.282051,4222.051282,4438.461538,4205.128205,4218.461538,4484.102564,4191.794871,4604.102564,3953.846154,4020.000000
202,4395.384615,4523.589743,4512.307692,4370.769230,4492.820512,4226.666666,4443.589743,4207.179487,4228.205128,4499.487179,4211.794871,4605.128205,3959.487180,4017.435897
203,4391.794871,4518.974358,4509.743589,4369.230769,4490.256410,4227.179487,4440.512820,4211.794871,4226.666666,4500.512820,4199.487179,4603.076923,3959.487180,4012.307692
204,4396.923076,4513.333333,4511.794871,4365.128205,4492.820512,4227.692307,4441.025641,4217.435897,4227.179487,4497.435897,4190.769230,4606.666666,3960.512821,4020.000000
205,4409.230769,4527.692307,4523.589743,4374.358974,4500.512820,4232.307692,4446.666666,4222.051282,4238.461538,4506.153846,4208.717948,4618.461538,3970.256411,4036.410256
206,4406.666666,4533.333333,4516.410256,4377.948717,4496.923076,4230.769230,4441.538461,4217.948717,4236.923076,4505.128205,4207.692307,4616.410256,3975.384616,4033.846153
207,4393.333333,4520.512820,4501.538461,4365.128205,4489.743589,4223.589743,4433.846153,4209.743589,4224.615384,4495.384615,4195.897435,4602.051282,3967.179488,4022.051282
208,4390.769230,4520.000000,4506.153846,4364.615384,4495.897435,4223.076923,4435.384615,4209.230769,4224.102564,4494.358974,4202.564102,4602.051282,3956.410257,4022.564102
209,4397.435897,4528.717948,4511.794871,4369.230769,4500.512820,4224.615384,4436.923076,4210.256410,4228.717948,4501.025641,4198.974358,4610.256410,3957.435898,4025.128205
210,4397.435897,4524.615384,4507.179487,4360.000000,4491.794871,4223.076923,4437.435897,4207.179487,4229.230769,4500.512820,4189.230769,4611.282051,3966.153847,4024.615384
211,4393.333333,4518.461538,4507.692307,4361.025641,4487.692307,4224.102564,4436.923076,4204.102564,4223.076923,4488.205128,4203.076923,4610.769230,3970.256411,4025.641025
212,4393.846153,4517.948717,4512.307692,4371.794871,4491.794871,4225.128205,4435.384615,4204.615384,4220.512820,4482.051282,4219.487179,4609.743589,3962.564103,4025.128205
213,4396.923076,4518.974358,4515.384615,4371.282051,4493.333333,4226.153846,4437.948717,4209.743589,4231.282051,4494.871794,4208.205128,4610.256410,3961.025642,4028.717948
214,4400.512820,4524.102564,4520.000000,4369.743589,4492.820512,4228.717948,4439.487179,4210.256410,4238.461538,4502.051282,4196.410256,4614.871794,3974.358975,4038.461538
215,4405.641025,4531.282051,4525.641025,4373.333333,4496.410256,4227.692307,4438.974358,4207.179487,4231.794871,4493.846153,4206.666666,4615.384615,3984.102565,4042.051282
216,4407.692307,4532.307692,4525.641025,4371.282051,4500.000000,4227.692307,4438.461538,4206.666666,4225.641025,4495.384615,4215.384615,4612.307692,3974.358975,4040.512820
217,4404.102564,4528.717948,4523.076923,4374.871794,4502.564102,4232.307692,4437.948717,4206.153846,4226.666666,4501.025641,4208.717948,4616.410256,3967.179488,4040.512820
218,4404.615384,4533.846153,4526.666666,4382.051282,4504.615384,4233.846153,4439.487179,4204.615384,4226.666666,4492.820512,4202.051282,4622.564102,3979.487180,4042.564102
219,4407.179487,4538.461538,4529.230769,4372.307692,4503.589743,4231.794871,4441.025641,4203.076923,4225.128205,4486.153846,4202.051282,4620.512820,3981.025642,4042.564102
220,4400.512820,4532.307692,4521.025641,4364.615384,4503.076923,4229.743589,4434.871794,4198.974358,4222.051282,4486.666666,4197.948717,4613.333333,3962.051283,4040.512820
221,4391.794871,4525.128205,4512.820512,4369.743589,4500.512820,4227.179487,4431.282051,4195.384615,4221.538461,4482.564102,4190.256410,4606.153846,3951.794872,4031.282051
222,4391.794871,4526.666666,4509.743589,4369.743589,4495.897435,4228.205128,4434.871794,4200.000000,4223.076923,4478.974358,4190.769230,4603.589743,3959.487180,4025.128205
223,4397.948717,4530.256410,4511.282051,4369.230769,4498.461538,4229.743589,4436.923076,4204.102564,4220.512820,4484.102564,4199.487179,4610.769230,3967.692308,4033.333333
224,4399.487179,4525.641025,4517.435897,4373.333333,4498.974358,4228.205128,4435.897435,4204.102564,4223.076923,4487.692307,4207.179487,4617.948717,3966.666667,4038.974358
225,4395.897435,4521.538461,4520.000000,4373.846153,4495.384615,4226.666666,4434.871794,4205.128205,4226.153846,4485.128205,4201.538461,4614.871794,3962.051283,4032.820512
226,4398.461538,4526.153846,4518.461538,4373.846153,4496.410256,4226.153846,4435.384615,4207.179487,4221.538461,4487.179487,4188.717948,4613.333333,3967.179488,4031.282051
227,4407.692307,4534.358974,4518.974358,4374.358974,4496.410256,4225.641025,4443.076923,4214.358974,4229.230769,4497.948717,4198.461538,4622.051282,3982.051283,4043.589743
228,4417.435897,4540.000000,4526.666666,4371.282051,4495.897435,4228.717948,4454.358974,4227.692307,4245.641025,4508.717948,4222.564102,4634.358974,3988.717949,4057.435897
229,4421.025641,4540.000000,4532.307692,4380.000000,4498.461538,4230.769230,4453.846153,4229.743589,4241.025641,4504.102564,4226.666666,4636.410256,3984.102565,4055.897435
230,4413.333333,4536.923076,4528.205128,4385.641025,4497.435897,4228.205128,4444.102564,4214.871794,4225.641025,4487.692307,4208.717948,4625.641025,3980.000000,4041.538461
231,4404.102564,4532.820512,4523.589743,4371.794871,4493.846153,4226.666666,4440.000000,4209.743589,4227.179487,4485.128205,4199.487179,4617.948717,3980.000000,4038.974358
232,4401.538461,4528.717948,4520.512820,4367.692307,4494.871794,4226.153846,4440.000000,4213.333333,4229.230769,4488.205128,4205.128205,4615.897435,3972.820513,4044.615384
233,4400.512820,4525.641025,4519.487179,4372.307692,4495.384615,4217.948717,4429.230769,4203.589743,4218.461538,4481.025641,4197.435897,4615.384615,3961.538462,4037.948717
234,4402.051282,4533.333333,4522.564102,4368.717948,4494.871794,4215.897435,4424.102564,4195.897435,4218.974358,4478.461538,4193.846153,4617.948717,3964.615385,4033.846153
235,4404.615384,4536.923076,4521.025641,4368.717948,4497.435897,4220.512820,4430.256410,4203.589743,4223.589743,4478.974358,4204.615384,4618.974358,3975.897436,4040.512820
236,4396.410256,4522.564102,4510.256410,4371.282051,4496.410256,4216.410256,4428.205128,4206.153846,4218.974358,4473.846153,4201.025641,4614.358974,3973.333334,4040.512820
237,4390.769230,4516.923076,4510.769230,4366.666666,4492.820512,4215.384615,4425.641025,4202.051282,4226.666666,4480.512820,4191.794871,4615.384615,3962.051283,4034.358974
238,4399.487179,4528.205128,4518.974358,4366.666666,4493.846153,4221.025641,4432.820512,4205.641025,4239.487179,4492.307692,4200.000000,4621.538461,3965.128206,4036.923076
239,4401.025641,4534.358974,4517.435897,4370.769230,4496.410256,4217.435897,4434.871794,4208.717948,4229.743589,4488.205128,4200.000000,4624.102564,3980.512821,4040.512820
240,4395.384615,4529.230769,4514.871794,4362.564102,4495.384615,4210.769230,4426.666666,4204.615384,4221.025641,4482.051282,4193.846153,4622.564102,3986.153847,4037.948717
241,4394.358974,4521.025641,4512.307692,4356.410256,4488.717948,4212.307692,4424.102564,4200.512820,4227.692307,4481.538461,4203.589743,4619.487179,3972.820513,4036.410256
242,4393.846153,4516.410256,4510.769230,4362.051282,4488.205128,4213.846153,4426.153846,4196.923076,4226.666666,4475.384615,4205.641025,4620.512820,3962.051283,4037.435897
243,4392.820512,4521.025641,4513.846153,4364.615384,4493.846153,4213.846153,4428.205128,4199.487179,4223.076923,4478.974358,4194.871794,4623.076923,3969.743590,4037.948717
244,4394.358974,4527.179487,4517.435897,4365.128205,4496.410256,4216.410256,4432.307692,4206.153846,4228.717948,4493.333333,4192.820512,4624.102564,3972.307693,4037.435897
245,4394.871794,4529.743589,4513.846153,4370.769230,4501.025641,4221.025641,4435.897435,4207.692307,4228.717948,4495.897435,4194.871794,4623.076923,3965.128206,4036.410256
246,4394.358974,4534.871794,4510.256410,4369.743589,4506.666666,4226.153846,4440.000000,4205.641025,4228.717948,4489.230769,4195.384615,4621.025641,3968.717949,4038.461538
247,4392.820512,4530.256410,4511.794871,4363.589743,4503.589743,4226.666666,4441.538461,4206.153846,4238.461538,4486.153846,4197.948717,4618.461538,3973.333334,4036.923076
248,4391.794871,4519.487179,4510.769230,4364.102564,4496.410256,4218.974358,4436.923076,4208.717948,4238.974358,4482.051282,4198.461538,4616.923076,3966.153847,4031.794871
249,4391.282051,4517.948717,4509.230769,4367.179487,4494.871794,4212.820512,4435.384615,4209.230769,4225.128205,4477.948717,4193.846153,4615.897435,3958.974359,4029.743589
250,4393.333333,4529.230769,4512.820512,4370.256410,4498.974358,4218.461538,4442.564102,4208.717948,4224.615384,4481.025641,4198.461538,4618.974358,3969.743590,4036.923076
251,4390.769230,4532.307692,4513.846153,4364.102564,4498.974358,4221.538461,4439.487179,4206.666666,4235.897435,4485.641025,4202.051282,4617.948717,3982.051283,4036.410256
252,4383.589743,4525.128205,4504.615384,4351.282051,4492.820512,4210.256410,4423.076923,4200.000000,4236.923076,4485.128205,4193.333333,4606.666666,3972.820513,4024.615384
253,4388.205128,4526.666666,4502.564102,4361.538461,4491.794871,4206.666666,4420.000000,4194.871794,4231.794871,4482.564102,4191.794871,4607.179487,3964.102565,4029.743589
254,4397.435897,4529.743589,4513.333333,4376.923076,4496.923076,4214.358974,4428.717948,4195.384615,4227.179487,4480.512820,4199.487179,4618.461538,3972.307693,4045.641025
255,4393.333333,4529.743589,4519.487179,4367.692307,4496.923076,4212.820512,4431.282051,4201.025641,4222.564102,4476.923076,4195.897435,4617.435897,3978.974359,4044.102564
256,4387.179487,4524.615384,4519.487179,4360.000000,4491.282051,4207.179487,4430.769230,4205.641025,4227.179487,4473.846153,4190.256410,4614.871794,3972.820513,4034.871794
257,4389.743589,4514.358974,4519.487179,4362.564102,4490.256410,4209.230769,4430.769230,4204.615384,4232.820512,4470.256410,4196.410256,4622.051282,3963.076924,4036.923076
258,4390.769230,4508.717948,4522.051282,4356.410256,4488.717948,4204.102564,4428.717948,4205.128205,4229.230769,4469.743589,4198.461538,4622.564102,3958.974359,4039.487179
259,4390.256410,4517.948717,4526.666666,4353.333333,4485.641025,4195.897435,4428.717948,4209.230769,4228.717948,4468.717948,4193.846153,4620.512820,3969.230770,4040.000000
