,AF3,F7,F3,FC5,T7,P7,O1,O2,P8,T8,FC6,F4,F8,AF4
0,4397.435897,4522.564102,4524.102564,4246.153846,4448.205128,4201.538461,4461.538461,4227.179487,4234.871794,4515.384615,4212.820512,4666.666666,3983.076924,4050.769230
1,4399.487179,4525.641025,4521.538461,4251.282051,4431.282051,4198.974358,4460.000000,4225.641025,4235.897435,4518.974358,4220.000000,4665.641025,3982.564103,4047.692307
2,4400.000000,4527.692307,4521.025641,4249.743589,4433.846153,4194.358974,4458.461538,4223.589743,4236.923076,4504.102564,4216.410256,4667.692307,3977.948718,4045.641025
3,4398.974358,4526.153846,4522.051282,4246.153846,4456.410256,4197.948717,4461.025641,4223.076923,4240.512820,4505.641025,4210.256410,4669.743589,3975.384616,4049.743589
4,4400.512820,4528.717948,4519.487179,4248.205128,4467.692307,4204.615384,4462.564102,4222.564102,4235.897435,4516.410256,4210.256410,4668.205128,3976.410257,4053.846153
5,4408.205128,4536.410256,4523.076923,4256.923076,4473.333333,4204.102564,4461.538461,4223.589743,4233.846153,4514.358974,4216.410256,4667.179487,3983.589744,4054.358974
6,4407.692307,4534.871794,4529.230769,4258.461538,4475.897435,4202.564102,4462.051282,4223.076923,4238.974358,4503.076923,4221.538461,4672.307692,3984.615385,4051.794871
7,4396.410256,4523.076923,4524.615384,4249.230769,4457.948717,4202.051282,4462.051282,4216.923076,4234.358974,4492.307692,4215.897435,4671.794871,3972.307693,4046.666666
8,4391.282051,4520.512820,4520.000000,4247.179487,4444.102564,4200.000000,4460.512820,4215.897435,4230.256410,4494.358974,4206.666666,4665.641025,3968.205129,4041.025641
9,4393.846153,4522.564102,4522.564102,4249.230769,4454.358974,4198.461538,4459.487179,4219.487179,4233.333333,4505.641025,4203.076923,4663.589743,3974.871795,4041.538461
10,4391.282051,4519.487179,4520.512820,4245.641025,4461.025641,4201.025641,4461.025641,4215.897435,4229.230769,4504.102564,4202.051282,4661.025641,3974.358975,4043.589743
11,4389.230769,4520.512820,4518.461538,4245.128205,4455.384615,4200.000000,4460.000000,4213.333333,4226.666666,4498.461538,4203.076923,4660.512820,3970.256411,4045.128205
12,4391.794871,4520.000000,4521.538461,4248.717948,4448.205128,4192.820512,4454.358974,4216.410256,4232.307692,4504.615384,4203.076923,4661.538461,3971.794872,4045.641025
13,4391.282051,4518.461538,4523.076923,4247.692307,4438.461538,4190.256410,4450.769230,4216.410256,4226.153846,4500.512820,4199.487179,4657.948717,3967.692308,4042.051282
14,4390.256410,4521.025641,4520.512820,4246.666666,4432.820512,4190.769230,4446.666666,4207.179487,4214.358974,4476.923076,4194.358974,4650.769230,3964.102565,4033.846153
15,4392.820512,4523.589743,4519.487179,4246.153846,4442.051282,4189.230769,4444.102564,4203.076923,4216.410256,4473.333333,4194.871794,4650.256410,3970.256411,4032.820512
16,4398.974358,4525.128205,4521.538461,4248.205128,4454.358974,4194.871794,4451.794871,4212.820512,4223.076923,4492.307692,4203.076923,4655.897435,3969.743590,4042.051282
17,4400.512820,4527.179487,4525.128205,4255.897435,4453.846153,4203.589743,4461.025641,4216.923076,4224.615384,4495.897435,4205.128205,4660.512820,3964.615385,4046.153846
18,4395.897435,4526.666666,4525.641025,4255.897435,4452.820512,4202.051282,4458.461538,4212.820512,4224.102564,4491.282051,4198.461538,4657.948717,3966.153847,4037.948717
19,4395.384615,4524.102564,4524.102564,4254.871794,4460.000000,4197.435897,4455.384615,4213.846153,4225.641025,4491.282051,4197.948717,4654.871794,3973.333334,4036.410256
20,4396.923076,4524.615384,4525.128205,4258.974358,4462.051282,4200.512820,4460.000000,4217.948717,4227.692307,4494.358974,4204.615384,4656.923076,3974.871795,4041.025641
21,4393.333333,4523.076923,4524.615384,4253.846153,4454.871794,4200.000000,4458.974358,4215.897435,4230.256410,4503.589743,4206.153846,4657.948717,3971.794872,4040.512820
22,4391.282051,4520.512820,4522.051282,4245.128205,4453.846153,4197.948717,4455.384615,4216.410256,4235.897435,4510.256410,4208.205128,4660.000000,3978.974359,4044.102564
23,4396.923076,4524.102564,4527.692307,4245.128205,4458.974358,4198.974358,4457.948717,4219.487179,4238.974358,4501.025641,4215.897435,4666.153846,3987.692308,4051.282051
24,4398.974358,4528.205128,4531.282051,4249.743589,4453.846153,4201.538461,4460.512820,4220.512820,4235.897435,4495.897435,4218.974358,4668.717948,3987.179488,4051.794871
25,4399.487179,4526.153846,4528.205128,4255.384615,4449.230769,4201.025641,4459.487179,4220.000000,4234.871794,4505.641025,4216.923076,4669.230769,3984.615385,4054.358974
26,4400.512820,4523.076923,4530.256410,4257.435897,4452.820512,4200.000000,4458.461538,4221.025641,4238.974358,4507.179487,4215.384615,4671.282051,3989.743590,4055.897435
27,4396.410256,4524.102564,4528.205128,4248.205128,4451.282051,4200.000000,4458.974358,4217.948717,4233.333333,4494.358974,4211.282051,4666.153846,3988.205129,4046.666666
28,4395.384615,4526.153846,4525.128205,4244.102564,4461.538461,4201.025641,4458.461538,4213.846153,4225.128205,4489.230769,4210.769230,4661.025641,3983.589744,4046.153846
29,4403.589743,4528.205128,4533.333333,4251.794871,4483.589743,4204.102564,4458.461538,4221.538461,4234.358974,4506.153846,4217.948717,4671.794871,3988.205129,4061.538461
30,4408.717948,4529.230769,4541.025641,4252.820512,4475.384615,4204.615384,4461.025641,4232.820512,4246.666666,4522.051282,4217.948717,4682.051282,3993.846154,4066.153846
31,4405.128205,4526.666666,4540.000000,4250.256410,4452.820512,4202.051282,4462.051282,4227.692307,4241.538461,4518.461538,4215.384615,4675.384615,3995.384616,4058.461538
32,4400.000000,4524.102564,4533.333333,4250.256410,4450.256410,4200.000000,4460.000000,4213.846153,4232.307692,4508.205128,4217.948717,4664.102564,3992.307693,4053.846153
33,4397.435897,4524.102564,4527.692307,4246.666666,4441.025641,4198.974358,4457.435897,4211.794871,4233.333333,4500.000000,4216.410256,4661.538461,3990.256411,4052.307692
34,4400.512820,4525.128205,4532.820512,4248.205128,4424.102564,4200.512820,4458.974358,4219.487179,4240.000000,4511.282051,4215.897435,4668.717948,3995.897436,4058.974358
35,4401.538461,4526.153846,4538.461538,4256.410256,4413.333333,4202.051282,4461.538461,4221.025641,4242.564102,4526.153846,4220.512820,4670.769230,3997.435898,4066.666666
36,4393.333333,4522.051282,4528.717948,4255.897435,4402.051282,4200.000000,4459.487179,4215.384615,4234.871794,4502.564102,4213.846153,4663.076923,3987.692308,4056.923076
37,4391.794871,4521.538461,4519.487179,4250.769230,4397.948717,4195.384615,4456.923076,4213.846153,4227.692307,4471.794871,4206.153846,4658.974358,3983.589744,4045.641025
38,4398.974358,4528.205128,4526.666666,4252.820512,4412.820512,4194.871794,4457.948717,4214.358974,4227.692307,4487.692307,4210.256410,4662.051282,3987.179488,4049.743589
39,4403.076923,4528.717948,4536.410256,4255.384615,4424.615384,4198.461538,4461.025641,4214.358974,4232.820512,4518.974358,4214.358974,4664.102564,3993.846154,4055.897435
40,4398.974358,4523.589743,4533.333333,4249.743589,4418.974358,4202.564102,4464.102564,4220.512820,4240.000000,4522.564102,4217.948717,4662.564102,3997.948718,4055.897435
41,4394.358974,4523.076923,4525.641025,4247.179487,4414.871794,4203.076923,4464.102564,4230.769230,4244.615384,4520.000000,4221.538461,4665.128205,3993.333334,4056.410256
42,4393.846153,4521.538461,4525.128205,4247.179487,4420.512820,4200.512820,4461.538461,4231.794871,4241.538461,4516.923076,4218.974358,4663.589743,3987.692308,4057.435897
43,4391.282051,4518.461538,4527.179487,4245.641025,4424.615384,4200.000000,4460.512820,4223.076923,4235.897435,4500.000000,4212.307692,4658.461538,3987.179488,4049.230769
44,4388.205128,4522.564102,4523.589743,4249.743589,4428.717948,4201.025641,4458.974358,4216.923076,4236.923076,4489.743589,4206.153846,4653.333333,3987.179488,4040.512820
45,4389.230769,4526.666666,4521.025641,4250.769230,4434.871794,4199.487179,4456.410256,4216.923076,4234.871794,4499.487179,4200.000000,4650.769230,3988.205129,4040.000000
46,4390.769230,4521.538461,4524.615384,4245.128205,4423.076923,4193.846153,4457.948717,4217.435897,4227.692307,4504.615384,4198.461538,4651.794871,3984.102565,4040.512820
47,4391.794871,4519.487179,4528.205128,4247.179487,4402.564102,4187.179487,4457.435897,4215.897435,4227.692307,4497.435897,4198.461538,4656.410256,3974.871795,4043.589743
48,4394.358974,4522.051282,4531.282051,4251.282051,4400.512820,4184.615384,4447.692307,4213.333333,4229.743589,4497.435897,4203.076923,4660.512820,3975.384616,4051.794871
49,4397.435897,4523.076923,4534.358974,4248.205128,4410.256410,4184.615384,4441.025641,4213.333333,4226.153846,4493.333333,4214.358974,4662.564102,3985.128206,4057.435897
50,4402.051282,4527.179487,4537.435897,4254.871794,4426.153846,4184.615384,4448.717948,4215.897435,4226.666666,4487.179487,4219.487179,4670.256410,3992.307693,4062.564102
51,4409.743589,4534.871794,4542.051282,4262.564102,4444.102564,4192.820512,4458.461538,4216.410256,4230.769230,4507.179487,4218.974358,4677.948717,4002.564102,4072.820512
52,4411.794871,4541.025641,4545.641025,4253.333333,4433.333333,4200.512820,4459.487179,4217.435897,4234.871794,4525.128205,4226.153846,4677.435897,4009.230769,4072.820512
53,4405.128205,4537.948717,4543.589743,4251.282051,4406.666666,4193.846153,4457.435897,4223.076923,4238.461538,4512.820512,4231.794871,4673.333333,4000.512820,4064.615384
54,4400.512820,4525.128205,4537.435897,4253.846153,4409.230769,4189.743589,4460.512820,4222.564102,4237.948717,4500.000000,4224.615384,4671.282051,3987.179488,4065.128205
55,4400.000000,4525.641025,4536.410256,4251.282051,4438.974358,4200.512820,4468.717948,4223.589743,4237.948717,4510.769230,4214.871794,4671.794871,3986.666667,4063.076923
56,4402.051282,4535.897435,4540.512820,4254.871794,4448.717948,4206.666666,4474.871794,4232.820512,4244.102564,4524.615384,4213.333333,4674.871794,3994.871795,4058.461538
57,4401.025641,4528.205128,4537.435897,4257.948717,4421.538461,4201.025641,4474.871794,4230.256410,4243.589743,4514.358974,4216.410256,4673.333333,3991.282052,4056.923076
58,4396.410256,4521.538461,4526.153846,4251.282051,4413.333333,4198.974358,4472.820512,4216.410256,4231.794871,4494.871794,4215.384615,4661.538461,3977.435898,4050.769230
59,4398.461538,4533.333333,4526.666666,4248.717948,4440.512820,4206.666666,4474.358974,4215.384615,4230.256410,4492.820512,4209.230769,4657.435897,3973.333334,4044.102564
60,4402.564102,4534.358974,4531.794871,4250.769230,4432.307692,4208.205128,4475.384615,4225.128205,4240.000000,4505.641025,4208.717948,4664.615384,3979.487180,4048.717948
61,4396.923076,4521.538461,4529.743589,4249.230769,4404.615384,4202.564102,4473.333333,4225.128205,4244.102564,4503.076923,4211.794871,4664.615384,3982.564103,4053.333333
62,4395.384615,4525.641025,4530.256410,4250.769230,4420.512820,4203.076923,4473.333333,4224.615384,4244.615384,4494.871794,4215.384615,4661.538461,3988.205129,4050.256410
63,4405.641025,4536.410256,4537.948717,4253.846153,4446.666666,4205.641025,4472.820512,4228.717948,4247.179487,4506.153846,4223.076923,4666.153846,4001.025641,4053.846153
64,4409.743589,4535.897435,4538.461538,4258.461538,4448.717948,4206.153846,4473.333333,4231.794871,4248.205128,4526.153846,4227.692307,4670.256410,4004.102564,4058.461538
65,4406.153846,4537.435897,4535.897435,4262.564102,4444.102564,4207.692307,4473.846153,4231.794871,4247.179487,4532.820512,4229.230769,4671.282051,3997.435898,4057.948717
66,4402.564102,4536.923076,4538.974358,4262.051282,4429.743589,4206.153846,4466.153846,4229.230769,4244.615384,4520.512820,4227.179487,4671.282051,3993.846154,4057.948717
67,4398.461538,4528.717948,4539.487179,4260.000000,4415.384615,4197.948717,4460.000000,4226.666666,4237.435897,4503.589743,4218.974358,4667.692307,3989.743590,4053.846153
68,4406.153846,4533.333333,4538.461538,4261.025641,4430.769230,4197.948717,4469.743589,4226.666666,4238.974358,4504.102564,4217.435897,4671.282051,3990.769231,4055.897435
69,4420.000000,4545.641025,4546.153846,4263.589743,4460.512820,4211.282051,4481.538461,4234.358974,4252.307692,4519.487179,4230.256410,4684.102564,3998.974359,4067.179487
70,4418.974358,4542.564102,4549.743589,4264.615384,4462.564102,4216.410256,4475.384615,4234.871794,4256.923076,4527.179487,4235.897435,4683.076923,4003.076923,4070.256410
71,4408.717948,4534.871794,4543.076923,4262.051282,4433.333333,4203.589743,4461.538461,4223.076923,4246.666666,4522.564102,4230.256410,4671.794871,4002.051282,4065.641025
72,4411.282051,4535.384615,4538.461538,4253.846153,4419.487179,4194.358974,4456.923076,4215.897435,4237.948717,4511.794871,4229.743589,4673.333333,4002.051282,4068.717948
73,4414.358974,4532.307692,4540.000000,4251.282051,4435.384615,4198.974358,4457.948717,4217.948717,4238.974358,4499.487179,4225.641025,4675.384615,3994.871795,4066.666666
74,4411.282051,4533.333333,4540.512820,4255.897435,4452.307692,4203.076923,4458.461538,4218.974358,4243.076923,4508.205128,4215.384615,4670.769230,3986.666667,4055.897435
75,4409.230769,4541.025641,4542.051282,4257.948717,4456.923076,4204.102564,4460.000000,4219.487179,4246.666666,4527.692307,4222.051282,4671.794871,3994.871795,4058.461538
76,4407.179487,4538.974358,4541.025641,4257.435897,4460.000000,4204.615384,4461.025641,4218.974358,4246.153846,4529.743589,4237.435897,4674.871794,4008.717948,4070.256410
77,4411.282051,4536.923076,4536.923076,4258.974358,4461.538461,4205.128205,4462.051282,4215.897435,4241.538461,4518.974358,4241.538461,4672.820512,4012.307692,4073.333333
78,4414.871794,4542.564102,4536.923076,4265.641025,4448.717948,4204.615384,4462.564102,4216.923076,4239.487179,4510.256410,4236.410256,4671.282051,4005.641025,4069.230769
79,4409.743589,4541.025641,4539.487179,4273.846153,4434.358974,4200.000000,4460.512820,4217.435897,4241.538461,4511.282051,4232.820512,4673.333333,3999.487180,4064.615384
80,4409.743589,4542.564102,4538.974358,4281.538461,4452.307692,4201.538461,4458.974358,4215.897435,4243.076923,4525.641025,4232.307692,4673.333333,4005.128205,4065.128205
81,4416.923076,4551.282051,4540.000000,4282.051282,4476.410256,4208.205128,4463.076923,4221.538461,4243.589743,4529.743589,4240.000000,4672.820512,4014.358974,4069.743589
82,4409.230769,4546.153846,4534.358974,4273.846153,4464.102564,4204.102564,4462.564102,4222.051282,4243.589743,4515.384615,4243.589743,4670.256410,4009.230769,4066.666666
83,4397.435897,4536.923076,4523.589743,4273.333333,4450.769230,4198.974358,4458.461538,4216.410256,4238.974358,4509.230769,4237.435897,4665.641025,3997.948718,4056.923076
84,4396.923076,4538.974358,4522.564102,4280.000000,4450.769230,4204.615384,4460.512820,4215.384615,4233.333333,4506.666666,4230.769230,4663.589743,3993.333334,4045.641025
85,4397.435897,4538.461538,4529.230769,4285.128205,4445.128205,4203.076923,4460.000000,4214.871794,4230.769230,4505.128205,4224.615384,4662.051282,3990.256411,4041.025641
86,4402.051282,4540.000000,4531.282051,4287.692307,4455.384615,4200.512820,4456.923076,4216.410256,4236.923076,4522.564102,4223.076923,4665.128205,3992.820513,4049.230769
87,4409.743589,4548.717948,4533.846153,4288.717948,4475.897435,4212.820512,4466.153846,4228.205128,4246.666666,4534.871794,4233.333333,4671.794871,4008.205128,4059.487179
88,4406.153846,4544.615384,4534.358974,4283.589743,4482.564102,4217.948717,4473.846153,4233.333333,4246.153846,4518.974358,4240.000000,4674.358974,4010.256410,4057.435897
89,4397.948717,4537.435897,4526.153846,4275.897435,4475.897435,4210.769230,4465.128205,4224.615384,4240.000000,4507.692307,4233.846153,4667.692307,3995.384616,4049.230769
90,4391.794871,4536.410256,4518.461538,4269.230769,4447.179487,4200.512820,4455.384615,4212.820512,4232.820512,4507.179487,4221.025641,4655.897435,3983.589744,4041.538461
91,4385.128205,4530.769230,4519.487179,4262.051282,4422.051282,4189.743589,4454.871794,4202.564102,4224.615384,4496.410256,4213.333333,4649.230769,3980.512821,4033.846153
92,4388.205128,4529.743589,4523.076923,4262.564102,4453.846153,4193.846153,4457.948717,4204.615384,4228.205128,4494.871794,4218.974358,4654.871794,3986.666667,4037.948717
93,4396.410256,4538.974358,4523.589743,4266.666666,4486.153846,4207.692307,4458.974358,4216.923076,4237.435897,4514.871794,4227.692307,4662.564102,3995.897436,4048.205128
94,4392.307692,4537.435897,4522.051282,4262.564102,4468.205128,4206.153846,4455.897435,4215.384615,4232.820512,4522.051282,4222.564102,4658.974358,3989.230770,4044.615384
95,4387.692307,4527.692307,4521.538461,4262.564102,4457.948717,4197.948717,4456.410256,4204.615384,4228.717948,4510.769230,4217.948717,4657.948717,3981.538462,4038.974358
96,4390.256410,4522.051282,4520.512820,4263.589743,4451.282051,4193.333333,4454.358974,4202.051282,4231.794871,4496.410256,4217.948717,4658.974358,3986.666667,4041.538461
97,4390.769230,4521.025641,4523.076923,4258.974358,4429.743589,4187.179487,4445.128205,4201.538461,4225.641025,4481.025641,4212.820512,4657.948717,3986.153847,4046.153846
98,4394.871794,4528.717948,4530.256410,4259.487179,4448.717948,4190.769230,4449.743589,4200.512820,4228.205128,4491.794871,4218.974358,4666.153846,3986.153847,4053.846153
99,4404.615384,4540.000000,4532.307692,4264.615384,4485.128205,4205.641025,4461.025641,4206.153846,4240.512820,4526.666666,4233.846153,4673.333333,3998.461539,4057.435897
100,4407.179487,4544.102564,4532.820512,4266.153846,4484.102564,4209.743589,4460.512820,4213.846153,4241.538461,4537.435897,4237.435897,4672.307692,4004.615384,4052.307692
101,4404.615384,4542.564102,4534.358974,4265.641025,4470.256410,4207.179487,4457.948717,4217.435897,4240.000000,4524.615384,4237.948717,4673.333333,4003.076923,4054.358974
102,4401.025641,4540.000000,4532.820512,4265.641025,4463.589743,4202.564102,4454.871794,4209.230769,4240.000000,4516.410256,4235.384615,4672.820512,3999.487180,4060.000000
103,4400.512820,4538.974358,4529.743589,4265.128205,4460.512820,4198.974358,4449.743589,4200.512820,4233.846153,4508.205128,4225.128205,4664.615384,3990.256411,4050.769230
104,4400.512820,4538.461538,4529.230769,4268.205128,4466.666666,4201.025641,4453.846153,4208.205128,4231.282051,4503.076923,4222.564102,4662.051282,3990.769231,4043.589743
105,4398.461538,4540.000000,4528.205128,4267.179487,4476.410256,4202.564102,4460.512820,4215.384615,4237.435897,4520.512820,4232.307692,4665.128205,4002.564102,4051.794871
106,4397.948717,4542.051282,4525.641025,4257.948717,4478.974358,4202.051282,4456.923076,4208.205128,4240.000000,4531.282051,4234.358974,4664.615384,4000.512820,4056.410256
107,4395.384615,4538.974358,4523.589743,4247.692307,4465.641025,4200.000000,4446.153846,4200.512820,4233.333333,4510.769230,4222.051282,4661.025641,3986.666667,4048.205128
108,4392.307692,4531.794871,4523.589743,4244.615384,4447.692307,4194.871794,4442.564102,4198.461538,4228.205128,4501.538461,4211.794871,4658.974358,3986.153847,4042.051282
109,4399.487179,4535.897435,4529.743589,4251.794871,4460.000000,4198.461538,4452.307692,4205.641025,4235.897435,4519.487179,4217.948717,4667.692307,3992.307693,4047.692307
110,4406.666666,4538.974358,4536.923076,4255.897435,4481.025641,4205.128205,4459.487179,4212.820512,4246.666666,4519.487179,4224.615384,4672.820512,3991.282052,4052.820512
111,4399.487179,4528.717948,4533.333333,4249.743589,4479.487179,4199.487179,4448.205128,4203.589743,4236.923076,4493.846153,4216.410256,4665.128205,3983.076924,4047.179487
112,4396.923076,4525.641025,4529.743589,4245.128205,4477.948717,4193.846153,4439.487179,4198.974358,4229.743589,4494.871794,4214.358974,4663.589743,3984.615385,4046.666666
113,4405.641025,4536.410256,4533.846153,4248.205128,4484.102564,4200.000000,4448.717948,4214.358974,4246.153846,4528.717948,4231.282051,4671.794871,4000.512820,4054.871794
114,4408.205128,4540.512820,4538.974358,4254.358974,4477.435897,4203.589743,4458.974358,4220.512820,4255.897435,4545.128205,4242.564102,4676.923076,4010.256410,4056.410256
115,4407.179487,4536.410256,4541.025641,4260.000000,4469.743589,4204.102564,4458.461538,4212.307692,4245.128205,4532.307692,4230.769230,4672.820512,4002.051282,4050.769230
116,4412.820512,4544.615384,4543.076923,4261.538461,4481.538461,4206.666666,4455.897435,4212.820512,4240.000000,4512.307692,4222.051282,4671.794871,3997.435898,4054.358974
117,4418.461538,4554.871794,4545.128205,4262.051282,4494.358974,4206.153846,4457.435897,4217.435897,4247.179487,4507.692307,4236.410256,4684.102564,4006.153846,4063.076923
118,4418.974358,4547.692307,4546.666666,4263.589743,4490.256410,4207.692307,4460.512820,4220.000000,4248.717948,4520.000000,4247.179487,4692.307692,4010.769230,4064.102564
119,4411.794871,4535.384615,4544.102564,4257.435897,4477.948717,4208.205128,4457.948717,4215.897435,4246.666666,4529.743589,4237.435897,4678.461538,4008.205128,4058.461538
120,4395.897435,4531.794871,4533.846153,4246.153846,4466.666666,4200.000000,4445.641025,4203.076923,4241.025641,4522.564102,4222.051282,4661.025641,4001.538461,4046.666666
121,4394.871794,4535.897435,4529.743589,4247.179487,4476.410256,4195.897435,4442.051282,4199.487179,4234.358974,4509.230769,4216.410256,4660.000000,3993.846154,4040.000000
122,4409.230769,4543.589743,4538.461538,4259.487179,4507.179487,4204.102564,4456.923076,4209.230769,4239.487179,4508.205128,4223.076923,4669.743589,3999.487180,4050.769230
123,4409.743589,4545.641025,4540.512820,4258.974358,4505.641025,4205.128205,4458.974358,4208.205128,4241.538461,4509.230769,4228.205128,4671.794871,4005.641025,4055.897435
124,4396.923076,4537.435897,4534.358974,4249.743589,4475.897435,4196.923076,4441.538461,4198.974358,4230.769230,4506.666666,4218.461538,4660.512820,3995.897436,4041.538461
125,4395.897435,4534.358974,4535.384615,4253.333333,4481.025641,4197.948717,4442.051282,4206.153846,4232.307692,4511.794871,4212.307692,4658.461538,3988.205129,4038.974358
126,4404.102564,4540.000000,4540.000000,4257.948717,4491.282051,4202.564102,4457.435897,4217.948717,4243.076923,4509.230769,4217.948717,4670.769230,3992.307693,4048.205128
127,4402.564102,4537.435897,4540.000000,4255.384615,4476.410256,4202.051282,4458.461538,4216.923076,4242.051282,4507.179487,4216.410256,4674.358974,3991.794872,4042.564102
128,4396.410256,4535.384615,4535.384615,4252.307692,4481.538461,4201.025641,4454.871794,4214.358974,4240.512820,4518.974358,4212.820512,4667.692307,3989.230770,4037.435897
129,4398.974358,4538.461538,4535.897435,4252.820512,4497.948717,4202.051282,4458.461538,4216.923076,4249.230769,4522.564102,4218.461538,4666.666666,3992.820513,4046.153846
130,4404.102564,4536.923076,4537.948717,4252.307692,4492.307692,4203.076923,4458.461538,4215.384615,4246.666666,4512.307692,4221.025641,4665.128205,3992.307693,4048.205128
131,4402.564102,4534.871794,4536.923076,4252.307692,4487.179487,4205.128205,4455.384615,4213.333333,4235.897435,4506.153846,4217.948717,4662.051282,3987.692308,4043.589743
132,4401.538461,4541.538461,4537.435897,4255.897435,4496.923076,4206.666666,4458.461538,4214.871794,4239.487179,4511.794871,4217.435897,4667.179487,3990.256411,4043.076923
133,4401.025641,4539.487179,4537.948717,4258.461538,4499.487179,4206.666666,4461.025641,4214.871794,4243.589743,4516.410256,4217.948717,4669.230769,3993.846154,4040.512820
134,4394.358974,4525.128205,4530.256410,4253.333333,4494.358974,4204.102564,4456.923076,4212.307692,4238.461538,4516.923076,4215.384615,4662.051282,3988.205129,4037.948717
135,4392.307692,4526.666666,4527.179487,4244.102564,4495.384615,4201.025641,4455.897435,4214.358974,4238.974358,4517.435897,4220.512820,4663.076923,3990.256411,4044.102564
136,4400.512820,4540.512820,4535.384615,4247.692307,4500.512820,4203.076923,4460.000000,4218.974358,4248.717948,4520.512820,4231.282051,4671.282051,4008.205128,4054.871794
137,4404.615384,4540.512820,4537.948717,4256.410256,4490.256410,4205.641025,4461.025641,4218.974358,4249.230769,4527.179487,4237.435897,4674.871794,4015.384615,4057.948717
138,4404.615384,4533.333333,4538.461538,4255.897435,4477.435897,4203.076923,4458.461538,4216.923076,4246.153846,4530.256410,4233.846153,4675.897435,4004.615384,4054.871794
139,4411.282051,4535.384615,4545.641025,4255.897435,4488.717948,4198.974358,4456.923076,4217.435897,4250.256410,4529.230769,4226.666666,4681.025641,4001.025641,4059.487179
140,4418.461538,4539.487179,4549.743589,4261.025641,4505.641025,4201.538461,4458.461538,4218.461538,4249.743589,4527.692307,4225.128205,4684.102564,4009.230769,4070.256410
141,4416.923076,4538.461538,4551.282051,4260.000000,4511.282051,4209.743589,4459.487179,4217.435897,4246.666666,4524.102564,4227.692307,4683.589743,4010.256410,4070.256410
142,4410.256410,4537.435897,4551.794871,4256.410256,4513.846153,4211.794871,4461.025641,4220.512820,4247.179487,4515.897435,4227.179487,4681.025641,4002.051282,4063.076923
143,4410.769230,4540.512820,4548.717948,4260.512820,4499.487179,4208.205128,4461.538461,4229.230769,4246.666666,4511.794871,4227.179487,4677.948717,3998.461539,4062.564102
144,4414.871794,4543.076923,4550.769230,4263.589743,4489.230769,4208.717948,4460.512820,4233.846153,4247.692307,4524.102564,4231.794871,4682.564102,4004.615384,4065.128205
145,4414.358974,4541.025641,4553.333333,4261.025641,4510.256410,4209.743589,4461.538461,4232.307692,4253.846153,4533.846153,4234.871794,4684.615384,4014.358974,4068.205128
146,4411.794871,4539.487179,4546.666666,4262.564102,4509.230769,4207.692307,4462.051282,4225.641025,4254.358974,4526.666666,4229.743589,4674.358974,4013.846153,4068.205128
147,4408.205128,4541.025641,4544.102564,4265.128205,4482.051282,4206.153846,4459.487179,4217.948717,4247.179487,4516.410256,4226.666666,4668.205128,4006.153846,4062.564102
148,4406.666666,4542.051282,4545.128205,4260.000000,4496.923076,4209.230769,4459.487179,4217.435897,4246.666666,4520.000000,4228.205128,4670.256410,4003.076923,4061.025641
149,4405.128205,4541.025641,4539.487179,4252.307692,4524.102564,4214.358974,4462.051282,4220.000000,4248.717948,4531.282051,4226.153846,4667.692307,3998.461539,4060.000000
150,4398.974358,4538.461538,4534.358974,4248.205128,4508.717948,4214.871794,4460.000000,4215.897435,4243.076923,4522.564102,4215.384615,4661.025641,3989.743590,4047.692307
151,4398.974358,4533.846153,4540.512820,4248.717948,4492.820512,4211.794871,4457.948717,4217.435897,4242.564102,4514.358974,4210.256410,4665.128205,3993.333334,4046.666666
152,4410.256410,4530.769230,4550.769230,4252.307692,4508.205128,4214.871794,4467.179487,4230.769230,4252.307692,4526.666666,4222.051282,4678.461538,4008.205128,4068.205128
153,4412.307692,4531.794871,4551.282051,4253.846153,4516.923076,4218.974358,4472.307692,4234.871794,4251.282051,4527.179487,4230.256410,4682.051282,4004.102564,4071.794871
154,4407.179487,4534.358974,4549.743589,4255.897435,4509.230769,4216.923076,4466.153846,4224.615384,4244.615384,4520.512820,4225.128205,4674.871794,3992.820513,4059.487179
155,4407.179487,4537.948717,4549.743589,4260.000000,4504.615384,4213.846153,4461.538461,4218.461538,4245.128205,4523.589743,4219.487179,4671.794871,4000.512820,4056.923076
156,4404.615384,4538.974358,4545.641025,4262.051282,4505.641025,4212.307692,4461.025641,4217.435897,4237.948717,4513.846153,4214.871794,4670.769230,4004.615384,4054.871794
157,4401.538461,4533.846153,4539.487179,4260.512820,4508.205128,4209.743589,4456.923076,4212.820512,4232.307692,4501.538461,4214.358974,4664.615384,3995.897436,4052.820512
158,4409.743589,4536.410256,4544.615384,4261.025641,4513.333333,4207.692307,4456.410256,4218.461538,4244.615384,4518.461538,4228.717948,4670.256410,3999.487180,4064.615384
159,4419.487179,4549.230769,4555.384615,4265.128205,4524.615384,4211.794871,4461.538461,4235.384615,4257.948717,4540.512820,4245.641025,4688.717948,4013.333333,4077.435897
160,4416.923076,4548.717948,4554.358974,4266.666666,4526.153846,4212.820512,4460.512820,4236.410256,4253.846153,4543.076923,4241.025641,4689.743589,4013.846153,4072.820512
161,4411.282051,4536.923076,4550.769230,4262.051282,4513.846153,4211.794871,4459.487179,4222.564102,4247.692307,4533.333333,4230.256410,4677.948717,4009.230769,4064.102564
162,4409.230769,4533.846153,4550.256410,4253.846153,4505.641025,4211.282051,4464.102564,4223.589743,4249.743589,4523.076923,4231.282051,4676.923076,4008.717948,4063.076923
163,4406.666666,4536.410256,4546.153846,4251.282051,4514.358974,4208.717948,4465.641025,4228.717948,4247.179487,4520.000000,4231.282051,4676.410256,4001.538461,4060.512820
164,4407.179487,4537.948717,4545.128205,4261.025641,4525.641025,4212.820512,4462.564102,4221.538461,4240.000000,4517.948717,4226.666666,4667.692307,4002.564102,4058.974358
165,4411.794871,4540.000000,4548.205128,4267.692307,4510.256410,4214.871794,4458.461538,4214.871794,4235.384615,4517.435897,4222.564102,4661.538461,4007.692307,4058.974358
166,4413.333333,4540.512820,4546.153846,4264.615384,4490.769230,4206.153846,4457.948717,4214.358974,4232.820512,4515.897435,4216.923076,4661.025641,3998.974359,4056.410256
167,4405.128205,4539.487179,4540.000000,4262.051282,4501.538461,4200.512820,4456.923076,4213.846153,4229.743589,4512.820512,4214.871794,4659.487179,3990.769231,4051.794871
168,4403.589743,4541.025641,4542.564102,4263.076923,4533.846153,4211.282051,4457.948717,4213.846153,4236.923076,4520.000000,4222.051282,4664.102564,4002.051282,4054.871794
169,4411.794871,4541.538461,4544.615384,4263.589743,4547.692307,4219.487179,4462.564102,4217.435897,4246.666666,4526.666666,4229.230769,4669.743589,4018.461538,4062.051282
170,4409.230769,4538.974358,4538.974358,4262.564102,4523.076923,4213.333333,4461.538461,4215.897435,4238.974358,4518.974358,4232.307692,4666.153846,4014.871794,4064.615384
171,4404.102564,4537.435897,4540.000000,4260.000000,4501.538461,4212.307692,4458.974358,4211.794871,4234.871794,4513.333333,4229.743589,4664.615384,4000.000000,4063.589743
172,4410.769230,4541.025641,4549.743589,4261.025641,4517.435897,4222.564102,4469.230769,4221.025641,4247.179487,4522.051282,4222.564102,4672.307692,3999.487180,4063.076923
173,4415.384615,4543.076923,4555.384615,4265.128205,4538.461538,4225.641025,4480.512820,4234.358974,4252.820512,4532.307692,4222.051282,4678.461538,4008.205128,4062.051282
174,4410.769230,4539.487179,4553.333333,4264.102564,4526.666666,4217.435897,4473.846153,4229.743589,4247.179487,4537.948717,4228.717948,4680.000000,4008.205128,4064.102564
175,4412.307692,4538.461538,4551.282051,4263.076923,4508.717948,4211.282051,4461.538461,4216.410256,4245.641025,4524.615384,4231.794871,4681.538461,4005.641025,4069.743589
176,4415.384615,4541.538461,4551.282051,4269.230769,4512.307692,4208.205128,4460.512820,4215.384615,4243.076923,4507.692307,4229.230769,4678.461538,4004.615384,4068.205128
177,4411.794871,4541.025641,4550.769230,4269.743589,4511.794871,4206.153846,4460.512820,4214.358974,4234.871794,4515.384615,4222.564102,4672.820512,3995.384616,4057.948717
178,4416.410256,4540.512820,4551.794871,4269.230769,4513.846153,4210.256410,4456.410256,4209.230769,4231.794871,4524.615384,4218.461538,4672.820512,3995.384616,4054.358974
179,4423.589743,4548.205128,4556.923076,4274.871794,4530.256410,4213.846153,4462.564102,4213.846153,4236.923076,4528.717948,4225.641025,4676.410256,4009.743589,4062.051282
180,4423.076923,4554.358974,4562.564102,4274.871794,4535.897435,4214.358974,4472.820512,4220.000000,4244.615384,4530.769230,4234.358974,4678.461538,4011.794871,4070.256410
181,4421.538461,4547.692307,4560.000000,4269.743589,4522.051282,4217.948717,4468.205128,4220.000000,4246.666666,4526.153846,4233.333333,4679.487179,4006.153846,4071.794871
182,4418.974358,4538.461538,4554.358974,4265.641025,4511.282051,4215.384615,4458.461538,4220.000000,4241.025641,4518.974358,4231.282051,4677.435897,4005.128205,4067.692307
183,4408.717948,4530.769230,4548.717948,4256.410256,4510.256410,4204.102564,4458.974358,4218.461538,4234.358974,4513.333333,4226.153846,4671.282051,3998.974359,4061.025641
184,4401.538461,4521.538461,4541.025641,4248.205128,4506.666666,4200.000000,4460.000000,4213.846153,4232.307692,4517.435897,4215.897435,4667.179487,3991.794872,4056.410256
185,4403.589743,4524.102564,4538.974358,4255.897435,4507.179487,4203.589743,4457.435897,4215.384615,4233.846153,4524.615384,4213.846153,4665.641025,3989.230770,4053.846153
186,4406.666666,4539.487179,4544.102564,4268.717948,4515.897435,4205.128205,4457.435897,4218.461538,4234.358974,4512.307692,4222.051282,4665.128205,3994.871795,4055.384615
187,4409.230769,4541.538461,4540.000000,4267.692307,4514.871794,4204.615384,4455.897435,4208.717948,4229.230769,4495.897435,4222.051282,4663.589743,3999.487180,4055.384615
188,4411.282051,4537.948717,4534.871794,4263.589743,4511.282051,4207.692307,4455.897435,4203.076923,4224.615384,4508.205128,4216.923076,4663.076923,3997.948718,4054.871794
189,4417.435897,4548.717948,4542.564102,4272.820512,4524.615384,4211.282051,4460.512820,4212.820512,4227.179487,4526.153846,4225.641025,4667.692307,3999.487180,4058.974358
190,4422.051282,4556.923076,4547.179487,4282.051282,4536.923076,4212.820512,4459.487179,4217.948717,4231.794871,4525.128205,4233.333333,4671.282051,4001.538461,4063.076923
191,4424.615384,4554.871794,4543.589743,4280.000000,4531.794871,4215.384615,4456.410256,4214.358974,4233.333333,4518.974358,4229.743589,4672.820512,3995.897436,4065.128205
192,4426.153846,4551.282051,4549.230769,4282.051282,4524.615384,4217.435897,4466.153846,4218.974358,4235.384615,4520.512820,4227.692307,4676.410256,3999.487180,4067.179487
193,4422.051282,4544.615384,4552.307692,4289.743589,4516.410256,4215.897435,4472.820512,4222.564102,4242.051282,4525.128205,4228.717948,4677.948717,4011.282051,4069.230769
194,4418.974358,4539.487179,4546.666666,4289.230769,4508.205128,4212.307692,4465.641025,4218.974358,4246.153846,4523.589743,4228.717948,4675.897435,4006.153846,4066.666666
195,4420.000000,4543.076923,4543.076923,4287.692307,4518.974358,4213.333333,4463.589743,4219.487179,4242.051282,4523.076923,4232.820512,4674.871794,3993.333334,4061.025641
196,4415.897435,4544.615384,4542.051282,4290.769230,4531.282051,4218.461538,4466.153846,4223.076923,4238.974358,4531.794871,4235.384615,4673.333333,3996.923077,4054.358974
197,4408.205128,4537.435897,4538.974358,4291.794871,4520.000000,4218.461538,4463.076923,4220.512820,4237.435897,4528.205128,4228.205128,4667.179487,4003.076923,4049.230769
198,4408.205128,4535.897435,4535.384615,4293.846153,4510.769230,4215.384615,4458.974358,4215.897435,4232.820512,4504.615384,4218.974358,4665.128205,3994.871795,4048.205128
199,4411.282051,4540.000000,4531.282051,4294.871794,4516.410256,4215.897435,4459.487179,4214.871794,4228.205128,4500.512820,4214.358974,4663.589743,3987.692308,4045.641025
200,4404.615384,4538.461538,4523.589743,4289.743589,4517.948717,4216.410256,4459.487179,4212.307692,4222.051282,4516.410256,4214.358974,4653.846153,3987.692308,4038.461538
201,4396.410256,4532.820512,4521.025641,4282.564102,4510.256410,4213.846153,4454.358974,4204.615384,4221.538461,4512.820512,4215.897435,4647.692307,3980.512821,4034.871794
202,4392.820512,4527.692307,4521.538461,4277.948717,4502.564102,4209.230769,4448.205128,4198.974358,4224.102564,4496.923076,4215.384615,4652.820512,3974.358975,4035.384615
203,4394.871794,4528.205128,4521.538461,4277.435897,4510.769230,4210.769230,4451.282051,4203.076923,4224.615384,4505.128205,4217.435897,4657.948717,3983.076924,4035.897435
204,4397.435897,4536.410256,4524.102564,4277.435897,4520.512820,4215.897435,4458.974358,4209.230769,4224.102564,4518.974358,4218.974358,4656.923076,3990.769231,4035.384615
205,4395.897435,4542.051282,4524.102564,4278.974358,4516.410256,4214.871794,4455.384615,4203.589743,4222.564102,4513.333333,4208.717948,4654.871794,3984.102565,4036.923076
206,4402.051282,4539.487179,4523.076923,4280.000000,4520.512820,4212.307692,4453.333333,4203.589743,4219.487179,4506.666666,4204.615384,4657.948717,3982.051283,4042.051282
207,4408.205128,4536.410256,4524.615384,4278.461538,4518.974358,4212.820512,4457.948717,4211.282051,4224.102564,4503.589743,4216.923076,4662.564102,3986.666667,4046.153846
208,4403.076923,4537.948717,4529.230769,4278.974358,4501.538461,4212.820512,4458.461538,4212.307692,4233.333333,4504.102564,4222.564102,4665.128205,3985.641026,4046.666666
209,4402.564102,4538.974358,4536.923076,4281.025641,4504.615384,4214.871794,4458.974358,4211.794871,4232.307692,4520.000000,4221.025641,4667.692307,3990.769231,4048.717948
210,4409.743589,4539.487179,4540.512820,4276.410256,4523.589743,4219.487179,4461.538461,4217.948717,4230.769230,4522.051282,4225.641025,4671.794871,4000.000000,4054.358974
211,4410.256410,4541.025641,4531.794871,4274.358974,4516.410256,4217.948717,4461.538461,4218.974358,4235.384615,4513.333333,4231.282051,4673.333333,3999.487180,4055.897435
212,4402.051282,4534.871794,4526.153846,4276.410256,4504.102564,4212.820512,4460.000000,4214.358974,4234.358974,4524.615384,4228.717948,4668.717948,3993.846154,4050.769230
213,4400.512820,4528.205128,4531.794871,4269.230769,4504.615384,4212.307692,4458.461538,4214.358974,4230.256410,4530.769230,4221.025641,4665.128205,3991.794872,4046.666666
214,4404.102564,4530.769230,4530.769230,4266.666666,4498.461538,4213.846153,4456.923076,4214.871794,4229.230769,4517.435897,4222.051282,4663.589743,3992.307693,4048.717948
215,4406.153846,4537.948717,4527.179487,4276.410256,4501.025641,4215.897435,4457.948717,4214.358974,4230.256410,4514.871794,4225.641025,4663.076923,3995.384616,4049.743589
216,4406.666666,4538.974358,4531.794871,4281.025641,4515.384615,4212.820512,4454.358974,4209.743589,4224.615384,4513.846153,4225.128205,4663.589743,4003.076923,4050.769230
217,4405.128205,4538.974358,4529.743589,4275.384615,4511.282051,4206.666666,4446.153846,4200.512820,4215.384615,4505.641025,4221.538461,4661.538461,4000.000000,4054.358974
218,4405.641025,4541.025641,4521.025641,4273.846153,4494.358974,4206.153846,4442.051282,4198.461538,4213.846153,4513.846153,4223.076923,4660.512820,3994.871795,4055.897435
219,4409.743589,4540.000000,4524.102564,4278.974358,4493.333333,4207.692307,4441.538461,4202.564102,4224.102564,4532.307692,4228.205128,4662.051282,4002.051282,4054.358974
220,4409.230769,4538.974358,4528.717948,4278.461538,4498.461538,4210.256410,4448.205128,4203.589743,4228.205128,4524.102564,4228.717948,4662.051282,4006.153846,4050.256410
221,4401.538461,4538.974358,4523.076923,4268.717948,4494.358974,4210.256410,4452.820512,4200.512820,4221.025641,4496.410256,4223.076923,4656.923076,3994.871795,4042.564102
222,4400.000000,4536.923076,4522.051282,4263.076923,4502.051282,4208.205128,4450.256410,4200.512820,4221.025641,4496.410256,4215.897435,4656.410256,3990.769231,4043.589743
223,4407.692307,4536.410256,4527.692307,4269.743589,4520.512820,4210.256410,4452.307692,4202.051282,4225.641025,4520.512820,4217.948717,4661.538461,4001.538461,4053.846153
224,4406.153846,4538.974358,4528.205128,4269.230769,4516.923076,4210.256410,4455.384615,4202.564102,4221.025641,4521.025641,4218.974358,4660.000000,4004.615384,4053.846153
225,4396.410256,4537.435897,4526.666666,4262.051282,4497.948717,4208.205128,4447.692307,4200.000000,4216.410256,4509.230769,4214.871794,4653.846153,3998.461539,4045.128205
226,4395.384615,4530.769230,4528.205128,4261.538461,4491.794871,4206.153846,4441.025641,4194.358974,4217.948717,4513.846153,4217.435897,4650.769230,3994.358975,4047.179487
227,4399.487179,4523.589743,4526.666666,4263.589743,4496.410256,4205.641025,4444.102564,4187.179487,4216.410256,4508.205128,4216.923076,4652.307692,3987.179488,4048.717948
228,4399.487179,4522.051282,4531.282051,4268.717948,4505.128205,4205.128205,4444.102564,4186.153846,4214.871794,4503.589743,4213.846153,4657.948717,3984.615385,4044.615384
229,4400.512820,4531.794871,4535.897435,4268.717948,4508.205128,4204.615384,4443.589743,4192.820512,4216.410256,4515.384615,4212.307692,4661.538461,3992.820513,4049.230769
230,4402.564102,4537.948717,4529.230769,4261.025641,4501.538461,4205.641025,4445.128205,4196.410256,4212.820512,4497.435897,4212.820512,4657.435897,3995.897436,4052.820512
231,4404.615384,4530.256410,4527.179487,4262.051282,4504.615384,4207.692307,4444.615384,4196.923076,4213.333333,4483.589743,4216.410256,4658.974358,3993.333334,4051.794871
232,4406.666666,4521.538461,4532.307692,4266.666666,4507.179487,4208.205128,4448.717948,4199.487179,4220.512820,4512.307692,4223.076923,4666.153846,3996.923077,4056.410256
233,4407.692307,4522.051282,4530.256410,4263.076923,4498.461538,4206.666666,4452.820512,4201.025641,4222.051282,4526.153846,4219.487179,4665.128205,4002.051282,4054.358974
234,4410.256410,4531.282051,4532.820512,4267.692307,4509.230769,4210.256410,4457.948717,4201.538461,4221.538461,4514.358974,4214.871794,4665.641025,4003.076923,4045.641025
235,4414.358974,4538.974358,4541.538461,4279.487179,4521.025641,4215.384615,4460.512820,4203.076923,4229.743589,4511.794871,4222.051282,4670.769230,4003.589743,4051.794871
236,4414.871794,4536.923076,4538.974358,4280.000000,4509.230769,4210.769230,4454.871794,4203.589743,4234.358974,4513.846153,4226.153846,4669.230769,4006.153846,4059.487179
237,4416.410256,4533.333333,4534.358974,4277.435897,4509.230769,4205.128205,4452.307692,4202.051282,4229.230769,4516.410256,4227.179487,4663.589743,4007.692307,4053.333333
238,4423.076923,4540.000000,4540.512820,4283.589743,4526.153846,4208.717948,4457.435897,4203.589743,4226.666666,4521.025641,4231.282051,4667.179487,4008.717948,4054.871794
239,4427.179487,4544.615384,4546.153846,4287.692307,4509.743589,4212.307692,4460.000000,4205.128205,4230.769230,4514.871794,4228.717948,4674.358974,4009.743589,4057.948717
240,4423.076923,4540.000000,4544.102564,4285.128205,4484.102564,4209.743589,4456.923076,4202.051282,4228.717948,4509.230769,4220.512820,4671.282051,4004.102564,4050.256410
241,4416.410256,4536.923076,4540.000000,4281.025641,4493.846153,4209.230769,4456.923076,4201.025641,4222.564102,4514.358974,4217.948717,4665.128205,3998.461539,4049.230769
242,4417.948717,4537.435897,4540.512820,4278.974358,4520.512820,4214.358974,4457.435897,4203.589743,4225.641025,4518.974358,4225.128205,4666.153846,4002.051282,4055.384615
243,4424.615384,4538.974358,4547.179487,4281.538461,4535.384615,4218.461538,4460.512820,4204.102564,4230.769230,4517.435897,4230.256410,4674.358974,4007.692307,4061.025641
244,4420.512820,4533.333333,4549.743589,4280.000000,4519.487179,4214.358974,4458.974358,4200.512820,4229.230769,4513.333333,4229.230769,4676.410256,4002.564102,4064.615384
245,4411.794871,4524.102564,4542.564102,4277.948717,4489.230769,4205.641025,4447.692307,4197.435897,4223.589743,4512.820512,4224.102564,4666.666666,4000.000000,4059.487179
246,4414.358974,4521.025641,4536.923076,4275.384615,4486.666666,4203.589743,4448.717948,4196.923076,4222.564102,4512.820512,4220.000000,4663.076923,4001.538461,4050.769230
247,4416.923076,4528.205128,4536.410256,4267.692307,4502.564102,4205.641025,4458.974358,4200.000000,4226.153846,4513.333333,4222.564102,4669.743589,3998.461539,4053.333333
248,4412.307692,4535.384615,4537.435897,4267.179487,4504.615384,4206.666666,4459.487179,4203.076923,4231.282051,4516.923076,4229.743589,4671.282051,4004.102564,4058.461538
249,4411.794871,4531.794871,4533.846153,4271.794871,4509.230769,4209.230769,4454.358974,4200.512820,4234.358974,4514.358974,4229.230769,4665.128205,4009.230769,4055.384615
250,4411.282051,4525.128205,4528.205128,4267.179487,4512.307692,4210.256410,4452.307692,4199.487179,4230.256410,4512.307692,4221.538461,4660.512820,3995.384616,4052.820512
251,4405.641025,4520.000000,4528.205128,4261.025641,4484.615384,4200.000000,4444.102564,4197.435897,4223.076923,4520.000000,4216.923076,4656.923076,3983.589744,4052.307692
252,4404.102564,4521.538461,4529.230769,4264.102564,4473.846153,4196.410256,4440.000000,4195.897435,4222.051282,4516.410256,4215.384615,4655.384615,3989.743590,4049.743589
253,4407.692307,4532.307692,4530.256410,4267.179487,4508.717948,4208.717948,4451.794871,4203.076923,4231.282051,4511.794871,4214.871794,4658.461538,3999.487180,4049.743589
254,4409.230769,4535.384615,4531.282051,4267.179487,4534.871794,4217.435897,4461.538461,4209.230769,4238.974358,4524.102564,4221.538461,4660.512820,4003.076923,4054.358974
255,4408.717948,4526.153846,4528.205128,4270.769230,4528.717948,4219.487179,4462.051282,4207.692307,4236.923076,4528.717948,4228.717948,4659.487179,4005.641025,4057.948717
256,4404.102564,4522.564102,4525.128205,4271.794871,4507.692307,4216.410256,4457.948717,4198.974358,4230.256410,4521.538461,4225.128205,4654.358974,4003.076923,4052.820512
257,4401.025641,4526.153846,4526.153846,4268.717948,4495.897435,4208.205128,4455.897435,4191.282051,4224.615384,4510.256410,4216.923076,4649.743589,3994.871795,4049.743589
258,4405.641025,4528.205128,4531.282051,4263.589743,4502.564102,4207.179487,4457.435897,4193.333333,4224.615384,4500.000000,4212.820512,4654.358974,3989.230770,4054.358974
259,4409.743589,4524.615384,4534.871794,4264.102564,4501.538461,4209.743589,4457.435897,4200.000000,4230.256410,4510.256410,4215.384615,4662.051282,3989.230770,4055.897435
