,AF3,F7,F3,FC5,T7,P7,O1,O2,P8,T8,FC6,F4,F8,AF4
0,4393.846153,6147.483647,4668.717948,4298.974358,4585.641025,4174.358974,4426.666666,4291.282051,4226.153846,4516.410256,4191.282051,4546.666666,4025.128205,4010.256410
1,4398.461538,6147.483647,4673.846153,4279.487179,4581.025641,4174.871794,4427.179487,4296.410256,4234.358974,4526.153846,4211.282051,4554.358974,4044.102564,4013.333333
2,4397.435897,6147.483647,4671.282051,4275.384615,4582.564102,4178.461538,4426.153846,4300.512820,4247.179487,4527.692307,4228.717948,4562.051282,4043.589743,4014.358974
3,4401.025641,6147.483647,4674.358974,4285.641025,4585.641025,4183.589743,4435.897435,4306.153846,4253.333333,4523.076923,4223.589743,4568.717948,4037.948717,4020.000000
4,4401.025641,6147.483647,4677.948717,4273.333333,4587.692307,4188.205128,4447.179487,4304.615384,4245.128205,4524.102564,4204.615384,4563.076923,4050.256410,4020.512820
5,4392.820512,6147.483647,4669.743589,4258.974358,4588.205128,4188.205128,4440.512820,4289.743589,4225.128205,4517.948717,4203.076923,4553.846153,4041.538461,4009.743589
6,4385.128205,6147.483647,4660.512820,4262.564102,4584.615384,4185.128205,4425.128205,4275.897435,4212.820512,4505.641025,4213.333333,4552.820512,4013.333333,4001.025641
7,4382.564102,6147.483647,4660.000000,4258.974358,4579.487179,4184.615384,4421.538461,4269.230769,4214.871794,4501.538461,4197.948717,4552.307692,4019.487179,4002.051282
8,4386.666666,6147.483647,4664.102564,4247.692307,4581.025641,4184.615384,4426.666666,4266.666666,4215.384615,4506.153846,4180.512820,4552.820512,4036.410256,4005.641025
9,4395.897435,6147.483647,4667.692307,4257.435897,4584.102564,4186.153846,4428.717948,4275.384615,4222.564102,4516.410256,4203.076923,4563.589743,4026.153846,4009.743589
10,4397.435897,6147.483647,4671.282051,4270.769230,4576.923076,4186.153846,4424.615384,4288.205128,4233.846153,4523.076923,4223.589743,4571.282051,4029.230769,4015.384615
11,4393.333333,6147.483647,4674.871794,4262.564102,4568.717948,4182.564102,4421.538461,4293.333333,4234.358974,4523.589743,4214.871794,4571.282051,4052.820512,4018.461538
12,4396.923076,6147.483647,4672.820512,4248.717948,4567.692307,4175.897435,4421.025641,4293.333333,4233.846153,4527.692307,4210.769230,4571.794871,4043.076923,4014.358974
13,4393.333333,6147.483647,4663.589743,4245.128205,4565.641025,4168.717948,4414.358974,4290.256410,4237.435897,4529.230769,4203.589743,4567.179487,4020.000000,4006.153846
14,4380.000000,6147.483647,4658.974358,4249.230769,4563.076923,4170.256410,4411.282051,4286.666666,4230.256410,4513.846153,4190.256410,4559.487179,4024.615384,4001.025641
15,4383.589743,6147.483647,4662.564102,4247.692307,4568.717948,4180.512820,4421.538461,4287.179487,4222.051282,4504.102564,4205.128205,4561.538461,4032.307692,4004.102564
16,4397.948717,6147.483647,4667.179487,4244.615384,4575.384615,4188.205128,4431.794871,4293.846153,4231.282051,4520.000000,4221.025641,4568.717948,4029.743589,4008.205128
17,4395.897435,6147.483647,4665.641025,4247.692307,4576.410256,4187.692307,4431.282051,4294.358974,4240.512820,4531.282051,4198.974358,4569.230769,4027.179487,4007.692307
18,4381.025641,6147.483647,4656.410256,4237.948717,4578.461538,4189.230769,4427.179487,4279.487179,4230.256410,4515.384615,4182.564102,4564.102564,4021.538461,4001.025641
19,4381.025641,6147.483647,4655.384615,4230.256410,4579.487179,4196.923076,4426.153846,4267.179487,4211.282051,4500.000000,4203.076923,4564.102564,4022.564102,3998.461539
20,4391.794871,6147.483647,4666.153846,4247.692307,4577.435897,4200.512820,4427.692307,4266.153846,4206.666666,4505.128205,4215.897435,4570.256410,4030.769230,4006.666666
21,4388.717948,6147.483647,4663.076923,4252.307692,4573.846153,4191.794871,4429.230769,4269.743589,4217.948717,4512.820512,4198.974358,4571.794871,4020.000000,4003.589743
22,4380.000000,6147.483647,4654.871794,4227.692307,4572.307692,4185.128205,4427.179487,4281.538461,4230.769230,4513.846153,4183.076923,4567.692307,4009.743589,3993.846154
23,4383.076923,6147.483647,4663.076923,4224.102564,4572.820512,4191.794871,4427.179487,4293.333333,4233.333333,4515.897435,4183.589743,4571.794871,4028.205128,3998.974359
24,4388.205128,6147.483647,4668.717948,4242.564102,4572.307692,4197.948717,4428.717948,4295.384615,4233.846153,4519.487179,4188.717948,4581.538461,4034.871794,4005.128205
25,4390.256410,6147.483647,4666.153846,4243.589743,4572.307692,4197.948717,4428.205128,4292.307692,4238.974358,4522.564102,4196.410256,4585.128205,4021.025641,4004.102564
26,4396.410256,6147.483647,4672.820512,4239.487179,4573.333333,4195.897435,4426.666666,4291.794871,4237.948717,4525.641025,4202.564102,4586.666666,4027.692307,4011.794871
27,4398.974358,6147.483647,4677.435897,4244.615384,4570.769230,4189.743589,4422.564102,4288.717948,4229.743589,4525.128205,4196.410256,4588.205128,4045.128205,4016.410256
28,4395.897435,6147.483647,4668.717948,4236.923076,4564.102564,4183.076923,4414.358974,4282.564102,4229.743589,4521.538461,4191.282051,4585.641025,4044.102564,4008.717948
29,4393.333333,6147.483647,4665.128205,4221.538461,4557.948717,4180.000000,4412.307692,4280.512820,4230.256410,4515.897435,4193.333333,4579.487179,4027.692307,4004.615384
30,4388.205128,6147.483647,4667.179487,4228.205128,4556.410256,4180.512820,4420.512820,4277.435897,4222.051282,4512.307692,4192.307692,4576.410256,4012.820512,4001.538461
31,4378.974358,6147.483647,4661.025641,4239.487179,4555.384615,4182.051282,4422.051282,4272.307692,4212.307692,4509.743589,4183.076923,4571.794871,4009.230769,3991.282052
32,4374.358974,6147.483647,4650.256410,4221.025641,4554.358974,4184.615384,4418.974358,4268.205128,4204.615384,4494.871794,4172.820512,4567.692307,4010.769230,3986.153847
33,4373.846153,6147.483647,4646.153846,4201.538461,4561.025641,4184.102564,4422.051282,4266.153846,4198.974358,4484.102564,4168.205128,4566.153846,4004.615384,3987.692308
34,4368.205128,6147.483647,4647.692307,4214.358974,4563.076923,4183.589743,4423.076923,4267.692307,4200.000000,4494.358974,4170.769230,4558.974358,4001.025641,3985.641026
35,4369.230769,6147.483647,4649.230769,4231.282051,4563.076923,4184.615384,4417.948717,4274.358974,4211.282051,4507.179487,4175.897435,4553.333333,4011.794871,3987.179488
36,4378.461538,6147.483647,4651.794871,4221.025641,4567.179487,4185.641025,4416.410256,4284.615384,4226.153846,4511.794871,4180.512820,4559.487179,4022.051282,3995.384616
37,4380.512820,6147.483647,4653.846153,4200.512820,4564.615384,4185.641025,4414.871794,4287.179487,4224.615384,4511.282051,4186.153846,4563.076923,4021.025641,3995.897436
38,4374.358974,6147.483647,4651.282051,4206.153846,4558.974358,4181.538461,4410.769230,4284.102564,4214.871794,4508.717948,4187.692307,4553.333333,4012.820512,3989.743590
39,4374.871794,6147.483647,4648.205128,4226.666666,4565.641025,4185.128205,4417.948717,4289.230769,4223.589743,4511.794871,4179.487179,4553.333333,4008.205128,3992.820513
40,4387.692307,6147.483647,4654.358974,4222.564102,4573.333333,4196.410256,4426.666666,4302.564102,4239.487179,4521.538461,4181.538461,4565.641025,4023.589743,4005.128205
41,4398.461538,6147.483647,4663.589743,4213.333333,4570.256410,4202.051282,4425.128205,4303.589743,4236.923076,4526.153846,4200.000000,4573.846153,4042.564102,4012.820512
42,4398.461538,6147.483647,4664.102564,4229.230769,4568.205128,4201.538461,4421.025641,4291.282051,4228.717948,4524.615384,4208.717948,4572.820512,4031.282051,4012.820512
43,4387.179487,6147.483647,4655.384615,4226.666666,4568.717948,4201.538461,4415.384615,4284.102564,4226.666666,4519.487179,4194.871794,4567.179487,4010.256410,4007.179487
44,4380.512820,6147.483647,4650.256410,4202.564102,4566.666666,4205.641025,4415.897435,4277.948717,4216.410256,4506.666666,4179.487179,4565.641025,4015.384615,4001.538461
45,4383.589743,6147.483647,4653.333333,4214.871794,4568.717948,4211.794871,4423.589743,4269.743589,4201.538461,4501.025641,4180.000000,4568.717948,4028.717948,4001.538461
46,4386.666666,6147.483647,4656.410256,4240.512820,4578.461538,4217.435897,4429.743589,4273.333333,4204.102564,4512.307692,4190.769230,4568.717948,4027.179487,4007.179487
47,4386.153846,6147.483647,4652.307692,4232.820512,4584.615384,4211.282051,4429.230769,4286.153846,4217.435897,4519.487179,4199.487179,4570.769230,4014.871794,4007.692307
48,4381.025641,6147.483647,4645.128205,4211.282051,4575.384615,4203.589743,4423.589743,4289.743589,4217.948717,4508.205128,4191.282051,4568.205128,4004.102564,3996.923077
49,4377.435897,6147.483647,4647.692307,4205.128205,4565.641025,4204.615384,4415.897435,4286.666666,4213.846153,4505.641025,4176.923076,4557.948717,4007.179487,3988.717949
50,4380.000000,6147.483647,4654.358974,4218.461538,4566.153846,4204.615384,4417.435897,4290.256410,4217.435897,4519.487179,4178.461538,4557.948717,4020.512820,3998.461539
51,4386.666666,6147.483647,4654.358974,4231.282051,4564.102564,4206.666666,4424.615384,4291.282051,4219.487179,4518.461538,4190.256410,4566.153846,4019.487179,4006.153846
52,4392.307692,6147.483647,4656.923076,4230.256410,4562.051282,4211.794871,4425.128205,4292.307692,4224.102564,4502.051282,4196.923076,4570.256410,4008.717948,4004.615384
53,4389.743589,6147.483647,4661.538461,4228.717948,4576.410256,4206.153846,4424.102564,4297.948717,4230.256410,4507.179487,4192.307692,4568.717948,4011.282051,4004.615384
54,4382.564102,6147.483647,4655.897435,4224.615384,4592.820512,4196.410256,4428.205128,4297.948717,4220.512820,4520.000000,4180.000000,4562.564102,4015.897435,4003.589743
55,4383.076923,6147.483647,4652.307692,4211.282051,4601.538461,4200.512820,4428.717948,4287.179487,4204.615384,4512.307692,4182.051282,4562.051282,4011.282051,4002.051282
56,4391.282051,6147.483647,4660.512820,4222.051282,4609.743589,4198.974358,4426.153846,4275.897435,4200.512820,4502.051282,4192.820512,4567.692307,4003.076923,4004.615384
57,4390.769230,6147.483647,4661.025641,4247.179487,4622.564102,4185.128205,4425.128205,4268.205128,4196.923076,4505.641025,4187.692307,4564.102564,4008.205128,4004.615384
58,4385.641025,6147.483647,4653.333333,4241.025641,4641.025641,4183.076923,4427.692307,4266.153846,4197.435897,4509.743589,4178.974358,4553.333333,4025.128205,4004.615384
59,4384.615384,6147.483647,4652.307692,4227.692307,4655.897435,4182.051282,4427.692307,4267.692307,4205.641025,4505.641025,4180.512820,4553.333333,4020.000000,4004.615384
60,4380.000000,6147.483647,4650.256410,4231.794871,4660.000000,4170.256410,4421.538461,4270.256410,4203.589743,4501.025641,4184.615384,4554.871794,3998.461539,3993.846154
61,4375.384615,6147.483647,4643.589743,4227.179487,4662.051282,4166.666666,4419.487179,4280.512820,4205.128205,4507.179487,4190.769230,4552.307692,4001.538461,3987.692308
62,4378.461538,6147.483647,4645.641025,4217.435897,4663.589743,4169.230769,4420.000000,4289.743589,4220.000000,4513.333333,4189.230769,4554.358974,4019.487179,3997.948718
63,4382.564102,6147.483647,4653.333333,4226.666666,4663.589743,4169.230769,4418.974358,4290.769230,4226.153846,4513.333333,4182.051282,4560.512820,4020.512820,4006.666666
64,4381.538461,6147.483647,4652.820512,4238.461538,4667.692307,4174.358974,4422.051282,4290.256410,4225.641025,4517.948717,4190.256410,4564.615384,4011.282051,4003.589743
65,4379.487179,6147.483647,4650.769230,4237.435897,4672.820512,4184.102564,4427.692307,4294.358974,4228.205128,4521.538461,4203.589743,4566.666666,4014.871794,4002.051282
66,4383.589743,6147.483647,4653.846153,4234.358974,4678.461538,4185.641025,4430.769230,4297.435897,4229.230769,4514.358974,4197.948717,4568.205128,4027.692307,4005.641025
67,4386.153846,6147.483647,4652.820512,4227.692307,4682.564102,4182.564102,4431.282051,4292.307692,4225.641025,4511.794871,4184.615384,4568.717948,4020.000000,4005.641025
68,4384.615384,6147.483647,4653.846153,4233.846153,4682.564102,4183.589743,4434.358974,4287.692307,4223.589743,4516.410256,4180.512820,4569.230769,4002.051282,4002.564102
69,4387.692307,6147.483647,4661.538461,4251.794871,4685.641025,4188.205128,4436.410256,4286.666666,4216.410256,4514.871794,4190.256410,4574.358974,4012.820512,4005.128205
70,4386.153846,6147.483647,4659.487179,4245.641025,4688.205128,4185.641025,4432.820512,4280.512820,4204.615384,4506.666666,4200.000000,4574.871794,4029.743589,4006.153846
71,4376.923076,6147.483647,4646.666666,4226.153846,4683.076923,4173.846153,4423.076923,4268.717948,4198.974358,4498.974358,4193.333333,4563.589743,4013.333333,3996.410257
72,4370.769230,6147.483647,4642.564102,4230.256410,4678.461538,4167.692307,4416.410256,4266.153846,4195.897435,4496.923076,4176.923076,4555.384615,3992.307693,3987.692308
73,4372.307692,6147.483647,4646.153846,4238.461538,4681.025641,4169.230769,4418.461538,4269.230769,4195.897435,4500.512820,4175.384615,4555.897435,3997.435898,3989.743590
74,4375.384615,6147.483647,4645.128205,4230.256410,4682.051282,4170.256410,4419.487179,4272.307692,4204.615384,4500.512820,4182.051282,4554.358974,4007.692307,3990.769231
75,4374.871794,6147.483647,4645.128205,4230.769230,4677.435897,4168.717948,4418.974358,4278.461538,4210.769230,4499.487179,4182.564102,4552.820512,4006.666666,3987.692308
76,4375.384615,6147.483647,4650.256410,4240.512820,4675.897435,4168.717948,4423.076923,4283.076923,4209.230769,4507.179487,4182.564102,4558.461538,4004.615384,3990.769231
77,4380.512820,6147.483647,4653.333333,4245.128205,4679.487179,4174.871794,4426.153846,4287.179487,4213.846153,4516.410256,4183.589743,4560.512820,4008.717948,3998.461539
78,4386.153846,6147.483647,4653.846153,4238.974358,4681.538461,4182.564102,4424.615384,4290.769230,4221.538461,4521.025641,4189.743589,4560.000000,4017.435897,4002.051282
79,4389.743589,6147.483647,4657.435897,4234.358974,4673.333333,4184.615384,4424.615384,4291.282051,4217.948717,4522.051282,4200.512820,4567.179487,4026.666666,4006.153846
80,4391.794871,6147.483647,4663.589743,4249.230769,4667.179487,4184.102564,4425.641025,4291.794871,4223.076923,4525.641025,4207.692307,4573.333333,4024.615384,4010.256410
81,4391.282051,6147.483647,4661.538461,4260.512820,4671.282051,4185.128205,4424.615384,4290.256410,4227.179487,4529.743589,4197.948717,4572.820512,4016.410256,4008.717948
82,4388.717948,6147.483647,4652.820512,4248.205128,4672.820512,4184.615384,4424.615384,4282.564102,4210.256410,4515.384615,4192.307692,4566.666666,4018.461538,4004.615384
83,4388.205128,6147.483647,4649.230769,4243.076923,4672.307692,4184.615384,4424.102564,4274.358974,4193.846153,4500.000000,4196.923076,4557.948717,4015.384615,4001.538461
84,4389.230769,6147.483647,4651.282051,4253.333333,4672.820512,4188.205128,4422.051282,4275.384615,4198.461538,4506.153846,4193.846153,4559.487179,4003.589743,4000.512820
85,4393.333333,6147.483647,4652.820512,4247.692307,4668.717948,4188.205128,4422.564102,4278.461538,4205.641025,4508.717948,4191.282051,4566.153846,4012.820512,4003.076923
86,4389.230769,6147.483647,4651.794871,4243.589743,4661.538461,4185.128205,4423.076923,4280.000000,4206.666666,4502.564102,4188.205128,4563.076923,4027.179487,3999.487180
87,4384.102564,6147.483647,4653.333333,4250.769230,4663.076923,4190.769230,4426.153846,4289.743589,4217.948717,4517.435897,4188.205128,4562.564102,4022.564102,3998.974359
88,4392.820512,6147.483647,4658.974358,4250.769230,4669.743589,4202.564102,4431.794871,4302.564102,4231.282051,4536.923076,4198.974358,4573.846153,4026.153846,4008.205128
89,4400.000000,6147.483647,4661.025641,4255.384615,4670.769230,4205.128205,4430.769230,4300.512820,4232.307692,4530.256410,4211.794871,4578.974358,4043.076923,4012.307692
90,4394.358974,6147.483647,4658.461538,4267.179487,4669.743589,4201.025641,4428.717948,4292.307692,4228.717948,4519.487179,4206.153846,4573.333333,4045.128205,4007.179487
91,4393.846153,6147.483647,4655.897435,4265.641025,4668.717948,4203.076923,4428.717948,4289.230769,4223.076923,4522.051282,4192.820512,4575.897435,4038.974358,4006.666666
92,4398.974358,6147.483647,4653.333333,4257.435897,4666.153846,4210.769230,4427.692307,4288.205128,4224.102564,4526.153846,4195.384615,4582.051282,4038.974358,4006.666666
93,4393.846153,6147.483647,4649.230769,4264.615384,4664.102564,4216.410256,4427.179487,4288.717948,4228.205128,4523.076923,4201.538461,4578.461538,4041.025641,4002.564102
94,4387.692307,6147.483647,4645.641025,4267.692307,4665.641025,4216.923076,4425.641025,4289.743589,4224.102564,4520.000000,4203.076923,4573.333333,4040.512820,4002.051282
95,4391.282051,6147.483647,4646.153846,4256.410256,4664.615384,4216.923076,4427.692307,4288.717948,4217.435897,4518.461538,4195.897435,4580.000000,4033.333333,4003.589743
96,4395.897435,6147.483647,4647.179487,4254.358974,4656.923076,4215.384615,4429.230769,4290.256410,4220.000000,4514.871794,4188.717948,4586.666666,4031.282051,4001.538461
97,4393.846153,6147.483647,4646.666666,4270.769230,4649.230769,4206.153846,4428.717948,4289.230769,4221.025641,4516.923076,4192.307692,4583.589743,4041.538461,4002.051282
98,4391.282051,6147.483647,4645.641025,4274.358974,4644.615384,4197.948717,4427.692307,4284.102564,4211.282051,4516.410256,4198.974358,4582.051282,4037.435897,4000.000000
99,4394.871794,6147.483647,4645.128205,4261.025641,4643.076923,4200.000000,4427.179487,4285.128205,4210.769230,4510.256410,4203.589743,4584.615384,4024.102564,3994.871795
100,4400.512820,6147.483647,4648.205128,4267.179487,4647.179487,4201.538461,4430.256410,4295.897435,4223.589743,4517.948717,4208.717948,4586.666666,4034.358974,3998.974359
101,4399.487179,6147.483647,4652.820512,4280.000000,4650.769230,4201.538461,4432.820512,4301.538461,4234.871794,4528.205128,4205.641025,4588.205128,4048.717948,4005.641025
102,4402.564102,6147.483647,4655.384615,4277.948717,4651.794871,4210.769230,4432.307692,4302.564102,4234.871794,4525.641025,4204.615384,4591.794871,4042.564102,4005.641025
103,4411.282051,6147.483647,4658.461538,4275.897435,4655.897435,4220.512820,4431.282051,4307.692307,4230.769230,4524.615384,4221.025641,4597.948717,4037.435897,4007.692307
104,4410.769230,6147.483647,4659.487179,4284.102564,4661.538461,4221.025641,4430.256410,4306.153846,4233.333333,4531.794871,4225.641025,4601.538461,4045.641025,4012.307692
105,4402.564102,6147.483647,4653.846153,4284.102564,4659.487179,4219.487179,4428.717948,4300.512820,4233.846153,4528.717948,4208.717948,4598.461538,4044.615384,4007.692307
106,4397.948717,6147.483647,4647.179487,4267.179487,4653.846153,4220.512820,4428.717948,4300.512820,4229.230769,4517.435897,4208.205128,4589.743589,4032.307692,3997.948718
107,4397.948717,6147.483647,4646.666666,4266.666666,4650.769230,4220.000000,4428.205128,4299.487179,4223.589743,4513.333333,4222.051282,4588.205128,4037.435897,3997.435898
108,4396.923076,6147.483647,4645.128205,4281.025641,4648.205128,4217.435897,4427.179487,4290.769230,4217.435897,4517.435897,4221.025641,4592.307692,4044.102564,4000.512820
109,4393.846153,6147.483647,4639.487179,4274.871794,4640.000000,4214.871794,4426.666666,4285.128205,4212.307692,4525.128205,4206.666666,4588.205128,4030.769230,3995.897436
110,4392.307692,6147.483647,4637.435897,4264.102564,4631.794871,4214.871794,4426.666666,4286.153846,4214.871794,4524.102564,4201.538461,4587.692307,4031.794871,3993.846154
111,4393.333333,6147.483647,4642.564102,4278.461538,4631.794871,4216.923076,4427.692307,4287.179487,4223.589743,4518.461538,4211.282051,4596.410256,4051.282051,4000.000000
112,4395.384615,6147.483647,4645.641025,4289.230769,4633.333333,4217.435897,4427.692307,4290.769230,4226.666666,4525.128205,4222.564102,4599.487179,4047.692307,4001.538461
113,4402.564102,6147.483647,4645.641025,4275.384615,4630.769230,4222.564102,4427.692307,4299.487179,4233.333333,4544.102564,4221.538461,4597.435897,4040.000000,4002.564102
114,4411.794871,6147.483647,4649.743589,4276.923076,4630.769230,4229.743589,4428.717948,4307.179487,4246.153846,4553.333333,4217.435897,4603.076923,4061.025641,4010.256410
115,4407.692307,6147.483647,4651.794871,4293.333333,4632.820512,4230.256410,4428.717948,4302.051282,4245.128205,4541.538461,4222.564102,4602.051282,4069.743589,4009.230769
116,4401.025641,6147.483647,4647.179487,4290.769230,4630.769230,4229.743589,4426.153846,4290.769230,4229.743589,4532.820512,4232.307692,4591.282051,4050.256410,4001.538461
117,4404.615384,6147.483647,4644.102564,4274.358974,4628.717948,4229.230769,4426.153846,4288.717948,4226.666666,4538.974358,4237.435897,4586.153846,4044.102564,4003.076923
118,4410.256410,6147.483647,4646.666666,4278.461538,4630.769230,4230.256410,4428.205128,4294.358974,4240.512820,4545.641025,4230.256410,4587.692307,4058.974358,4010.256410
119,4413.333333,6147.483647,4651.282051,4300.512820,4633.846153,4234.358974,4429.743589,4296.923076,4240.512820,4542.564102,4224.102564,4590.256410,4065.641025,4014.871794
120,4409.743589,6147.483647,4647.692307,4292.307692,4629.230769,4234.358974,4427.692307,4290.769230,4225.641025,4532.820512,4230.256410,4584.615384,4050.769230,4008.205128
121,4402.051282,6147.483647,4639.487179,4270.769230,4623.076923,4229.743589,4426.153846,4285.641025,4218.461538,4527.179487,4231.794871,4572.820512,4038.461538,4001.025641
122,4404.615384,6147.483647,4641.538461,4285.641025,4626.153846,4233.846153,4429.743589,4286.153846,4224.102564,4534.871794,4220.512820,4569.743589,4048.205128,4006.666666
123,4410.256410,6147.483647,4643.076923,4303.076923,4629.230769,4237.435897,4427.692307,4283.589743,4223.589743,4539.487179,4211.282051,4572.307692,4056.410256,4007.692307
124,4406.153846,6147.483647,4640.512820,4285.641025,4623.076923,4233.846153,4423.589743,4277.435897,4217.948717,4528.205128,4215.384615,4571.282051,4046.153846,4004.102564
125,4398.461538,6147.483647,4641.025641,4276.410256,4615.897435,4232.820512,4424.102564,4278.461538,4222.051282,4523.589743,4218.974358,4569.743589,4038.461538,4006.666666
126,4400.000000,6147.483647,4646.153846,4302.564102,4616.410256,4233.333333,4423.589743,4288.717948,4230.769230,4534.358974,4215.897435,4572.307692,4044.615384,4006.153846
127,4402.564102,6147.483647,4647.179487,4309.743589,4618.974358,4235.384615,4424.615384,4296.923076,4232.820512,4538.461538,4209.743589,4575.897435,4047.692307,4004.102564
128,4398.461538,6147.483647,4640.000000,4283.076923,4613.333333,4234.358974,4430.256410,4293.333333,4231.282051,4527.692307,4202.051282,4574.358974,4039.487179,4004.615384
129,4394.358974,6147.483647,4632.307692,4275.897435,4601.538461,4224.102564,4431.794871,4285.128205,4227.179487,4518.974358,4197.435897,4570.769230,4029.743589,4002.564102
130,4396.923076,6147.483647,4634.871794,4296.923076,4593.846153,4217.948717,4427.692307,4283.589743,4223.589743,4524.615384,4202.564102,4573.846153,4031.282051,4003.589743
131,4404.615384,6147.483647,4642.564102,4306.153846,4588.205128,4217.435897,4428.205128,4286.666666,4225.641025,4535.897435,4207.692307,4580.512820,4039.487179,4010.256410
132,4410.769230,6147.483647,4643.076923,4292.307692,4575.897435,4208.717948,4429.230769,4287.179487,4235.384615,4535.897435,4204.615384,4582.051282,4042.051282,4013.333333
133,4414.358974,6147.483647,4648.717948,4292.820512,4557.948717,4194.358974,4423.589743,4291.282051,4239.487179,4532.307692,4213.333333,4585.128205,4047.179487,4016.410256
134,4412.820512,6147.483647,4652.307692,4310.769230,4540.000000,4185.128205,4420.000000,4290.256410,4230.256410,4532.307692,4223.589743,4587.692307,4049.230769,4016.410256
135,4402.564102,6147.483647,4637.948717,4302.051282,4526.666666,4175.384615,4424.615384,4276.410256,4215.384615,4529.230769,4212.307692,4576.410256,4034.358974,4006.153846
136,4393.333333,6147.483647,4628.717948,4282.051282,4523.076923,4169.230769,4428.205128,4266.153846,4209.743589,4520.512820,4193.846153,4567.179487,4019.487179,3996.410257
137,4393.846153,6147.483647,4630.769230,4289.743589,4518.461538,4169.743589,4423.076923,4267.692307,4212.820512,4511.282051,4187.692307,4568.205128,4023.589743,3992.307693
138,4394.871794,6147.483647,4631.282051,4304.615384,4509.743589,4165.641025,4418.974358,4272.307692,4212.820512,4512.307692,4192.307692,4569.230769,4031.794871,3992.820513
139,4390.256410,6147.483647,4628.205128,4296.410256,4500.000000,4153.846153,4416.410256,4274.358974,4213.333333,4518.461538,4198.461538,4565.641025,4024.615384,3993.333334
140,4387.179487,6115.384615,4629.230769,4290.256410,4493.846153,4141.025641,4417.435897,4275.384615,4217.435897,4514.358974,4203.589743,4566.153846,4019.487179,3991.282052
141,4390.256410,6005.128205,4632.307692,4298.461538,4489.743589,4136.410256,4424.615384,4276.410256,4216.923076,4512.307692,4198.974358,4567.179487,4027.179487,3992.820513
142,4389.743589,5938.461538,4632.307692,4292.820512,4483.589743,4136.410256,4429.230769,4276.410256,4211.282051,4515.384615,4187.179487,4564.615384,4025.128205,3992.307693
143,4387.179487,5923.076923,4630.769230,4285.641025,4482.564102,4133.846153,4425.128205,4273.846153,4210.256410,4512.307692,4186.666666,4565.128205,4014.871794,3988.717949
144,4388.717948,5830.256410,4629.743589,4290.769230,4484.615384,4129.230769,4422.051282,4272.307692,4214.358974,4510.769230,4200.512820,4562.564102,4023.589743,3990.769231
145,4388.717948,5712.820512,4632.307692,4288.205128,4479.487179,4123.589743,4421.025641,4271.282051,4214.871794,4517.435897,4200.000000,4561.025641,4027.692307,3993.846154
146,4386.153846,5715.384615,4630.769230,4281.538461,4472.820512,4122.564102,4414.358974,4264.102564,4207.179487,4510.256410,4177.948717,4562.564102,4007.692307,3990.769231
147,4390.256410,5708.717948,4631.282051,4293.333333,4475.384615,4124.102564,4415.384615,4264.102564,4205.641025,4500.512820,4172.307692,4565.128205,4009.230769,3993.333334
148,4400.000000,5546.666666,4638.461538,4309.230769,4475.384615,4120.000000,4425.128205,4276.923076,4221.025641,4511.794871,4198.461538,4570.256410,4035.897435,4005.128205
149,4398.461538,5360.000000,4640.000000,4294.358974,4465.641025,4108.717948,4429.743589,4286.153846,4232.820512,4524.615384,4216.923076,4574.358974,4037.948717,4008.717948
150,4386.153846,5206.153846,4633.846153,4276.410256,4455.384615,4101.025641,4426.666666,4283.589743,4225.128205,4526.153846,4200.000000,4570.256410,4021.025641,3999.487180
151,4384.102564,4977.435897,4631.282051,4293.846153,4445.128205,4091.282051,4425.128205,4279.487179,4218.461538,4522.051282,4184.102564,4562.051282,4019.487179,3991.282052
152,4392.307692,4760.000000,4632.820512,4314.871794,4439.487179,4075.897435,4427.179487,4284.102564,4225.641025,4518.461538,4192.820512,4563.589743,4022.051282,3993.846154
153,4396.410256,4665.641025,4636.923076,4305.641025,4439.487179,4068.205128,4426.666666,4291.282051,4229.230769,4520.000000,4201.538461,4568.717948,4022.564102,4001.538461
154,4393.846153,4598.974358,4641.538461,4291.282051,4436.410256,4066.153846,4418.461538,4289.230769,4217.948717,4522.051282,4198.461538,4568.717948,4024.615384,4003.076923
155,4394.358974,4434.358974,4643.076923,4301.025641,4429.230769,4057.435897,4410.256410,4282.564102,4211.282051,4518.461538,4194.358974,4573.333333,4021.025641,4003.589743
156,4402.051282,4209.743589,4648.205128,4309.743589,4433.333333,4055.897435,4414.358974,4286.666666,4220.512820,4523.076923,4200.512820,4580.000000,4024.615384,4011.282051
157,4402.051282,4002.051282,4652.307692,4301.025641,4443.076923,4066.153846,4423.076923,4294.358974,4227.692307,4536.923076,4212.820512,4580.000000,4038.974358,4014.871794
158,4387.179487,3753.846154,4638.974358,4295.897435,4434.871794,4068.717948,4425.641025,4290.769230,4221.538461,4528.205128,4208.205128,4567.692307,4031.794871,4000.000000
159,4376.923076,3516.923077,4627.179487,4298.461538,4423.076923,4062.051282,4425.128205,4281.538461,4215.897435,4512.307692,4183.589743,4556.410256,4006.153846,3986.666667
160,4385.128205,3417.948718,4637.435897,4291.282051,4428.205128,4063.076923,4424.102564,4277.948717,4213.333333,4516.923076,4179.487179,4559.487179,4011.282051,3992.307693
161,4390.769230,3284.102565,4641.538461,4289.230769,4423.076923,4064.615384,4418.461538,4273.846153,4205.128205,4518.974358,4200.000000,4567.692307,4029.230769,4000.000000
162,4386.666666,2941.538462,4634.871794,4307.692307,4407.179487,4049.743589,4412.820512,4269.230769,4202.051282,4505.641025,4207.179487,4570.256410,4017.948717,3998.974359
163,4388.205128,2642.051283,4639.487179,4315.384615,4421.538461,4021.025641,4412.307692,4273.846153,4210.256410,4504.102564,4195.897435,4569.230769,4014.358974,4002.564102
164,4394.358974,2577.948718,4647.179487,4298.974358,4449.743589,4003.076923,4412.820512,4285.128205,4221.025641,4523.589743,4189.230769,4569.230769,4037.948717,4009.230769
165,4398.974358,2551.282052,4646.153846,4293.333333,4453.846153,4001.538461,4413.333333,4296.410256,4232.307692,4540.512820,4200.512820,4572.820512,4044.615384,4009.230769
166,4393.846153,2311.794872,4640.512820,4307.692307,4439.487179,3995.384616,4412.820512,4294.358974,4230.769230,4534.871794,4211.794871,4570.256410,4021.538461,4001.538461
167,4381.538461,2015.897436,4633.333333,4313.333333,4425.641025,3978.461539,4412.307692,4277.948717,4212.307692,4511.794871,4196.923076,4558.974358,4011.282051,3990.769231
168,4378.461538,2136.923077,4629.743589,4301.538461,4425.128205,3976.923077,4415.897435,4267.179487,4201.538461,4506.153846,4167.692307,4557.948717,4020.512820,3988.717949
169,4384.102564,2522.564103,4630.256410,4295.384615,4436.923076,3993.333334,4416.923076,4268.717948,4202.051282,4513.846153,4168.205128,4566.666666,4017.435897,3993.846154
170,4380.000000,2526.153847,4628.205128,4301.025641,4438.461538,3993.846154,4409.743589,4267.179487,4200.000000,4505.128205,4196.923076,4564.102564,4003.076923,3990.256411
171,4374.358974,2233.846154,4628.205128,4302.564102,4420.000000,3976.923077,4406.153846,4264.102564,4199.487179,4500.512820,4202.051282,4561.538461,4006.666666,3987.179488
172,4383.076923,2188.205129,4632.820512,4302.051282,4408.717948,3972.820513,4410.769230,4263.589743,4201.538461,4512.820512,4181.538461,4572.307692,4024.615384,3998.461539
173,4391.282051,2356.410257,4635.897435,4307.692307,4411.282051,3981.538462,4411.794871,4263.589743,4198.974358,4515.384615,4178.461538,4575.384615,4024.615384,4003.589743
174,4388.205128,2449.743590,4636.923076,4309.743589,4415.384615,3985.641026,4411.794871,4269.230769,4198.974358,4505.641025,4194.358974,4569.743589,4016.410256,3997.948718
175,4380.000000,2515.384616,4633.333333,4304.102564,4420.000000,3988.717949,4413.333333,4272.820512,4201.025641,4506.153846,4193.846153,4568.717948,4013.846153,3993.333334
176,4376.410256,2679.487180,4628.205128,4300.512820,4427.179487,3998.461539,4411.794871,4270.256410,4202.051282,4509.743589,4177.948717,4566.666666,4009.230769,3989.743590
177,4377.948717,2917.435898,4628.717948,4308.717948,4434.358974,4006.153846,4410.769230,4279.487179,4207.692307,4508.717948,4178.974358,4565.128205,4013.846153,3990.769231
178,4385.128205,3093.333334,4637.948717,4324.102564,4442.051282,4013.333333,4414.871794,4293.333333,4217.948717,4516.923076,4197.948717,4573.333333,4026.666666,4000.512820
179,4394.871794,3186.153847,4647.179487,4328.205128,4451.794871,4022.051282,4413.333333,4293.846153,4225.128205,4526.153846,4207.179487,4582.051282,4026.153846,4010.256410
180,4400.000000,3245.641026,4653.846153,4327.179487,4459.487179,4028.205128,4408.717948,4296.410256,4231.794871,4526.666666,4205.641025,4582.564102,4025.128205,4015.897435
181,4400.000000,3271.794872,4658.461538,4334.871794,4461.538461,4034.358974,4416.923076,4304.615384,4230.769230,4523.076923,4207.179487,4585.128205,4034.871794,4016.923076
182,4391.794871,3285.641026,4653.846153,4329.743589,4461.538461,4039.487179,4429.230769,4298.974358,4220.000000,4522.051282,4201.538461,4584.615384,4031.282051,4008.205128
183,4379.487179,3244.615385,4641.025641,4309.230769,4462.051282,4040.000000,4430.769230,4291.282051,4213.846153,4519.487179,4187.692307,4573.333333,4013.333333,3993.333334
184,4375.384615,3093.846154,4641.025641,4304.102564,4457.435897,4036.410256,4429.230769,4291.794871,4217.948717,4513.846153,4183.589743,4570.256410,4006.153846,3991.794872
185,4383.076923,2855.897436,4650.769230,4314.358974,4442.564102,4031.794871,4431.282051,4284.615384,4217.948717,4507.692307,4187.692307,4578.974358,4009.230769,3998.974359
186,4385.128205,2616.410257,4649.230769,4316.410256,4423.076923,4017.435897,4429.230769,4274.358974,4208.717948,4505.128205,4184.615384,4583.076923,4013.333333,4001.538461
187,4384.615384,2484.615385,4645.641025,4313.333333,4409.230769,4003.589743,4425.641025,4275.897435,4204.102564,4512.307692,4189.743589,4581.538461,4018.461538,4000.000000
188,4389.230769,2472.307693,4651.282051,4321.025641,4409.743589,4005.641025,4426.153846,4283.589743,4211.794871,4518.974358,4200.512820,4583.076923,4022.051282,4004.615384
189,4390.256410,2486.666667,4654.358974,4330.769230,4416.410256,4010.769230,4427.179487,4286.666666,4221.025641,4514.871794,4195.384615,4584.102564,4020.000000,4007.692307
190,4388.205128,2369.230770,4650.256410,4325.128205,4406.666666,4004.102564,4427.179487,4281.025641,4216.923076,4506.153846,4187.179487,4579.487179,4015.384615,4003.589743
191,4384.615384,2190.769231,4646.666666,4315.897435,4388.205128,3991.282052,4426.153846,4273.846153,4207.179487,4507.179487,4189.230769,4575.384615,4020.512820,4001.538461
192,4380.000000,2262.051283,4645.641025,4318.461538,4387.179487,3990.769231,4426.153846,4275.384615,4205.128205,4512.820512,4191.282051,4577.435897,4027.692307,4002.051282
193,4384.615384,2514.871795,4652.307692,4323.076923,4401.538461,4002.564102,4432.307692,4287.179487,4214.871794,4515.897435,4193.846153,4588.205128,4023.076923,4008.205128
194,4397.948717,2640.000000,4664.102564,4330.256410,4407.179487,4007.179487,4435.897435,4296.410256,4228.717948,4527.692307,4206.153846,4601.538461,4028.717948,4018.461538
195,4404.615384,2740.000000,4668.717948,4346.666666,4405.641025,4007.692307,4431.282051,4297.948717,4231.282051,4536.923076,4213.846153,4606.666666,4046.666666,4023.076923
196,4401.538461,2870.769231,4668.205128,4353.333333,4410.769230,4011.794871,4425.641025,4296.923076,4233.333333,4532.820512,4213.333333,4604.102564,4049.743589,4021.025641
197,4393.846153,2777.435898,4667.179487,4334.358974,4413.846153,4011.282051,4426.666666,4296.410256,4234.871794,4521.025641,4215.384615,4599.487179,4028.717948,4015.897435
198,4387.179487,2521.538462,4661.025641,4331.794871,4404.615384,4004.615384,4429.743589,4292.820512,4222.564102,4517.435897,4211.282051,4592.820512,4016.410256,4010.769230
199,4385.641025,2379.487180,4653.333333,4352.307692,4394.358974,4005.641025,4430.256410,4278.461538,4207.179487,4524.102564,4201.538461,4585.641025,4030.769230,4006.153846
200,4383.076923,2533.846154,4646.666666,4343.589743,4400.000000,4011.282051,4427.692307,4267.179487,4207.692307,4521.538461,4191.282051,4583.076923,4040.512820,4004.102564
201,4376.410256,2875.897436,4643.589743,4317.435897,4416.923076,4022.051282,4426.666666,4271.282051,4212.820512,4506.666666,4185.641025,4582.564102,4024.102564,3999.487180
202,4377.948717,3032.307693,4646.666666,4328.717948,4427.692307,4035.897435,4425.641025,4281.538461,4216.410256,4507.179487,4190.256410,4580.000000,4012.307692,3998.974359
203,4390.769230,3022.564103,4653.333333,4356.410256,4434.871794,4044.615384,4427.692307,4288.205128,4225.128205,4525.128205,4198.974358,4587.692307,4040.000000,4008.205128
204,4395.897435,3046.666667,4655.384615,4352.820512,4444.615384,4048.717948,4433.333333,4289.743589,4226.666666,4531.794871,4196.410256,4596.923076,4062.051282,4013.333333
205,4380.512820,3035.897436,4648.205128,4339.487179,4444.615384,4046.666666,4430.256410,4285.128205,4218.974358,4514.358974,4186.666666,4590.256410,4040.000000,4003.589743
206,4375.384615,3080.000000,4651.282051,4349.743589,4441.538461,4047.179487,4426.153846,4287.692307,4222.564102,4505.641025,4194.871794,4587.692307,4024.615384,3997.948718
207,4393.846153,3132.307693,4668.717948,4365.128205,4451.794871,4059.487179,4435.384615,4303.076923,4234.358974,4525.641025,4209.230769,4605.641025,4048.205128,4011.794871
208,4401.538461,2929.743590,4673.333333,4365.641025,4451.282051,4060.512820,4435.384615,4305.641025,4235.384615,4538.461538,4203.076923,4614.358974,4060.512820,4019.487179
209,4398.461538,2811.282052,4669.743589,4368.205128,4438.461538,4048.717948,4425.641025,4294.871794,4233.333333,4532.307692,4194.871794,4609.230769,4051.794871,4015.897435
210,4407.179487,3087.692308,4677.948717,4379.487179,4447.692307,4050.769230,4433.333333,4296.410256,4240.000000,4533.846153,4207.179487,4616.410256,4055.897435,4022.564102
211,4409.230769,3418.461539,4682.564102,4381.025641,4472.307692,4064.615384,4446.666666,4304.102564,4247.692307,4543.589743,4217.948717,4622.564102,4062.051282,4026.666666
212,4399.487179,3664.615385,4674.871794,4378.461538,4481.025641,4067.692307,4443.076923,4303.589743,4251.282051,4542.051282,4210.769230,4618.461538,4060.512820,4018.974358
213,4394.358974,3873.846154,4669.743589,4372.307692,4477.435897,4069.743589,4441.538461,4296.923076,4241.538461,4536.410256,4200.512820,4614.871794,4055.897435,4013.846153
214,4387.692307,3894.358975,4663.589743,4352.820512,4478.461538,4075.897435,4443.589743,4287.179487,4222.051282,4528.205128,4193.333333,4608.717948,4042.564102,4010.256410
215,4386.153846,3788.717949,4660.512820,4351.282051,4480.000000,4077.948717,4437.948717,4281.025641,4218.974358,4517.948717,4190.769230,4606.153846,4037.435897,4006.153846
216,4394.358974,3643.076924,4665.641025,4372.307692,4473.333333,4077.948717,4437.948717,4285.128205,4231.794871,4516.923076,4198.974358,4611.794871,4049.230769,4009.743589
217,4393.333333,3323.076924,4662.051282,4375.384615,4460.512820,4075.384615,4441.025641,4287.179487,4233.333333,4523.589743,4203.589743,4608.717948,4056.410256,4009.743589
218,4388.205128,2954.358975,4655.897435,4354.871794,4441.538461,4065.641025,4437.435897,4286.153846,4231.794871,4532.820512,4198.461538,4601.025641,4047.179487,4007.179487
219,4394.871794,2903.589744,4661.538461,4349.743589,4425.641025,4056.410256,4437.435897,4290.769230,4238.461538,4530.769230,4197.435897,4610.256410,4042.051282,4012.307692
220,4399.487179,3133.333334,4670.256410,4375.897435,4429.743589,4057.435897,4442.564102,4293.333333,4238.974358,4521.025641,4207.179487,4617.948717,4050.256410,4017.435897
221,4396.923076,3281.538462,4672.820512,4397.435897,4440.000000,4061.538461,4443.589743,4291.282051,4234.871794,4530.769230,4213.333333,4610.769230,4061.025641,4018.461538
222,4399.487179,3352.820513,4671.794871,4387.692307,4440.512820,4065.128205,4442.564102,4290.256410,4238.974358,4546.666666,4206.666666,4609.743589,4059.487179,4015.897435
223,4395.897435,3383.076924,4666.153846,4366.153846,4435.897435,4066.153846,4441.025641,4287.179487,4235.384615,4531.794871,4200.000000,4606.153846,4040.000000,4010.256410
224,4384.102564,3177.948718,4658.974358,4363.076923,4426.153846,4056.923076,4435.384615,4278.974358,4223.589743,4507.692307,4200.000000,4593.333333,4032.307692,4003.076923
225,4377.948717,2950.256411,4656.410256,4371.282051,4414.871794,4050.769230,4432.307692,4271.282051,4216.923076,4512.820512,4193.846153,4587.179487,4043.076923,3997.948718
226,4379.487179,3043.076924,4656.410256,4371.282051,4415.897435,4055.384615,4430.769230,4270.256410,4214.358974,4519.487179,4189.230769,4591.282051,4040.512820,3996.923077
227,4382.051282,3124.102565,4656.923076,4364.615384,4420.512820,4055.897435,4429.743589,4274.871794,4217.948717,4514.871794,4198.461538,4596.410256,4029.743589,4003.076923
228,4382.051282,2968.205129,4658.461538,4368.717948,4410.256410,4048.717948,4429.230769,4282.564102,4225.128205,4516.923076,4203.076923,4600.000000,4036.923076,4006.153846
229,4382.564102,2977.435898,4662.564102,4383.076923,4405.128205,4049.230769,4428.205128,4288.717948,4230.769230,4521.538461,4195.897435,4599.487179,4043.589743,4002.051282
230,4387.692307,3226.153847,4669.743589,4378.974358,4420.000000,4061.025641,4434.358974,4291.794871,4232.307692,4522.564102,4202.051282,4597.948717,4037.948717,4006.666666
231,4396.410256,3245.128206,4676.410256,4378.461538,4427.692307,4069.230769,4440.512820,4293.333333,4231.794871,4532.307692,4217.948717,4604.615384,4044.615384,4018.974358
232,4397.948717,2931.282052,4676.410256,4397.435897,4410.769230,4058.461538,4434.871794,4289.230769,4226.153846,4531.794871,4216.410256,4605.641025,4050.256410,4017.435897
233,4387.692307,2804.615385,4668.717948,4390.256410,4393.846153,4045.128205,4425.641025,4276.410256,4213.333333,4506.666666,4198.461538,4595.897435,4035.897435,4003.076923
234,4383.589743,3006.666667,4663.589743,4368.717948,4401.538461,4051.794871,4429.743589,4272.307692,4209.743589,4498.974358,4191.794871,4592.307692,4032.820512,4000.000000
235,4394.871794,3080.512821,4670.256410,4386.153846,4414.871794,4065.128205,4438.974358,4285.641025,4226.153846,4525.128205,4206.666666,4602.564102,4050.256410,4011.282051
236,4398.461538,2968.717949,4673.333333,4406.666666,4413.333333,4067.179487,4444.615384,4294.358974,4237.435897,4540.000000,4220.512820,4606.666666,4048.205128,4016.410256
237,4382.051282,3024.615385,4663.589743,4390.256410,4410.769230,4062.564102,4444.615384,4284.102564,4221.538461,4521.025641,4208.205128,4591.794871,4026.153846,4004.102564
238,4372.307692,3240.000000,4652.307692,4373.333333,4412.307692,4060.512820,4438.461538,4270.256410,4202.051282,4501.025641,4188.205128,4577.435897,4019.487179,3991.282052
239,4378.461538,3407.179488,4650.769230,4376.410256,4412.820512,4063.589743,4435.897435,4268.717948,4197.948717,4501.538461,4188.205128,4575.897435,4032.307692,3993.333334
240,4383.076923,3508.205129,4657.435897,4389.743589,4420.000000,4073.333333,4440.000000,4276.923076,4208.205128,4511.282051,4206.153846,4579.487179,4036.923076,4003.076923
241,4385.641025,3552.820513,4666.153846,4398.974358,4427.179487,4073.846153,4441.538461,4287.179487,4224.102564,4523.589743,4225.641025,4582.564102,4032.820512,4007.179487
242,4385.128205,3590.256411,4664.102564,4387.179487,4417.435897,4064.102564,4433.846153,4288.205128,4226.153846,4522.051282,4218.461538,4584.615384,4031.794871,4004.102564
243,4381.538461,3570.256411,4654.871794,4377.948717,4404.102564,4058.974358,4427.179487,4282.564102,4222.051282,4510.769230,4192.307692,4581.025641,4037.435897,4001.538461
244,4382.051282,3500.512821,4657.948717,4393.846153,4406.153846,4056.410256,4429.230769,4285.128205,4227.179487,4518.974358,4193.333333,4578.974358,4045.641025,4006.153846
245,4382.051282,3539.487180,4661.025641,4398.461538,4408.205128,4051.282051,4429.743589,4286.153846,4225.641025,4526.153846,4219.487179,4579.487179,4036.923076,4007.179487
246,4378.461538,3632.307693,4653.333333,4385.128205,4400.512820,4051.282051,4427.692307,4281.538461,4218.461538,4512.820512,4225.641025,4576.410256,4020.512820,4000.000000
247,4377.948717,3704.615385,4650.769230,4388.205128,4427.179487,4051.282051,4434.871794,4286.666666,4223.589743,4509.743589,4210.256410,4577.435897,4027.692307,4000.000000
248,4383.589743,3905.641026,4657.948717,4400.512820,4497.435897,4036.410256,4443.076923,4296.410256,4233.846153,4529.230769,4203.589743,4584.102564,4047.692307,4008.205128
249,4382.564102,4271.282051,4659.487179,4402.051282,4546.666666,4019.487179,4439.487179,4294.358974,4237.435897,4539.487179,4207.692307,4586.153846,4046.666666,4007.179487
250,4377.435897,4552.820512,4653.333333,4397.435897,4550.769230,4009.743589,4430.769230,4286.153846,4231.794871,4526.153846,4221.025641,4584.615384,4027.179487,3997.435898
251,4373.333333,4598.974358,4648.205128,4391.282051,4551.282051,4005.641025,4429.743589,4278.461538,4217.948717,4509.743589,4217.435897,4583.076923,4018.974358,3990.256411
252,4366.153846,4514.358974,4642.564102,4386.153846,4560.512820,4002.564102,4430.256410,4268.205128,4207.692307,4506.666666,4188.717948,4574.358974,4022.564102,3986.666667
253,4365.641025,4443.589743,4642.051282,4384.102564,4564.102564,3998.461539,4426.666666,4264.615384,4208.205128,4506.666666,4181.025641,4565.641025,4026.153846,3988.205129
254,4374.871794,4358.461538,4646.666666,4388.717948,4569.743589,3997.948718,4426.153846,4272.820512,4214.871794,4504.102564,4203.076923,4569.230769,4024.102564,3993.846154
255,4374.871794,4124.102564,4646.666666,4398.974358,4575.384615,3996.923077,4427.692307,4275.384615,4218.974358,4508.205128,4216.410256,4569.743589,4015.897435,3992.307693
256,4368.205128,3893.333334,4643.589743,4398.461538,4571.282051,3992.820513,4426.666666,4271.282051,4220.000000,4512.820512,4203.589743,4567.692307,4017.435897,3989.743590
257,4366.666666,3845.641026,4643.076923,4380.512820,4562.564102,3990.769231,4420.000000,4270.256410,4214.871794,4504.615384,4185.128205,4567.179487,4028.717948,3989.230770
258,4372.307692,3794.871795,4645.641025,4375.384615,4554.871794,3995.384616,4418.974358,4271.282051,4208.205128,4502.564102,4186.666666,4566.666666,4023.076923,3990.256411
259,4381.025641,3616.410257,4656.410256,4399.487179,4555.384615,4004.102564,4427.692307,4280.512820,4215.897435,4515.897435,4207.692307,4576.410256,4019.487179,3998.974359
