,AF3,F7,F3,FC5,T7,P7,O1,O2,P8,T8,FC6,F4,F8,AF4
0,4367.692307,4516.923076,4552.820512,4250.256410,4484.102564,4171.282051,4394.871794,4188.205128,4177.435897,4496.923076,4238.974358,4632.307692,3996.923077,4048.717948
1,4367.179487,4514.871794,4549.743589,4256.410256,4478.974358,4170.256410,4390.256410,4185.641025,4176.923076,4493.846153,4244.102564,4632.820512,3990.256411,4048.717948
2,4365.128205,4515.897435,4551.282051,4255.897435,4481.025641,4173.333333,4391.282051,4187.179487,4176.410256,4493.846153,4243.589743,4633.846153,3992.307693,4047.179487
3,4363.589743,4517.435897,4553.846153,4246.153846,4486.153846,4173.846153,4390.769230,4186.666666,4173.333333,4492.820512,4236.410256,4631.282051,3994.358975,4044.615384
4,4358.974358,4520.000000,4550.769230,4241.538461,4484.102564,4166.666666,4387.179487,4181.538461,4168.205128,4486.666666,4228.205128,4629.743589,3991.282052,4043.076923
5,4359.487179,4524.102564,4551.282051,4246.153846,4481.025641,4169.230769,4391.794871,4181.538461,4168.205128,4486.666666,4229.230769,4635.384615,3993.846154,4045.641025
6,4365.128205,4520.512820,4557.435897,4253.333333,4483.076923,4178.461538,4399.487179,4186.666666,4175.897435,4490.256410,4230.256410,4640.512820,3998.974359,4050.769230
7,4364.615384,4519.487179,4560.000000,4255.384615,4487.179487,4176.410256,4399.487179,4188.205128,4181.025641,4493.333333,4224.102564,4640.512820,4004.102564,4053.333333
8,4360.000000,4522.564102,4562.564102,4249.743589,4486.153846,4173.333333,4396.410256,4187.179487,4181.538461,4496.410256,4215.384615,4637.948717,4012.307692,4052.307692
9,4359.487179,4523.589743,4567.179487,4245.128205,4483.589743,4176.923076,4395.897435,4187.692307,4180.512820,4496.923076,4211.794871,4636.410256,4015.897435,4049.743589
10,4361.538461,4525.128205,4566.666666,4249.230769,4485.641025,4177.435897,4398.461538,4188.205128,4179.487179,4498.461538,4216.410256,4638.461538,4012.307692,4047.692307
11,4359.487179,4523.076923,4561.538461,4250.256410,4486.153846,4173.333333,4397.948717,4187.179487,4178.974358,4501.538461,4215.384615,4637.435897,4008.717948,4049.230769
12,4355.384615,4517.948717,4555.897435,4245.641025,4485.128205,4169.743589,4395.384615,4185.128205,4178.461538,4495.384615,4204.102564,4631.794871,4005.128205,4049.743589
13,4360.512820,4523.589743,4557.948717,4248.205128,4487.692307,4175.897435,4398.461538,4184.102564,4175.897435,4486.666666,4202.051282,4633.846153,4009.743589,4052.307692
14,4367.692307,4533.333333,4565.641025,4249.230769,4488.717948,4178.974358,4401.025641,4184.615384,4176.923076,4485.128205,4213.333333,4641.538461,4016.410256,4056.410256
15,4362.564102,4527.179487,4563.589743,4240.000000,4484.102564,4169.743589,4397.435897,4182.051282,4176.410256,4483.589743,4212.820512,4637.948717,4009.743589,4054.871794
16,4355.897435,4515.897435,4558.461538,4242.051282,4480.000000,4165.641025,4394.871794,4178.461538,4172.307692,4482.051282,4197.435897,4629.230769,4007.692307,4050.769230
17,4361.538461,4517.948717,4565.128205,4258.461538,4487.179487,4172.820512,4400.512820,4182.051282,4176.410256,4490.769230,4197.435897,4634.871794,4018.461538,4053.846153
18,4369.230769,4528.205128,4573.846153,4266.153846,4492.820512,4178.461538,4405.128205,4188.205128,4184.102564,4497.948717,4214.358974,4644.615384,4022.051282,4062.051282
19,4369.743589,4532.307692,4571.282051,4260.000000,4488.717948,4178.461538,4401.025641,4186.666666,4180.512820,4492.307692,4215.897435,4644.102564,4017.948717,4063.076923
20,4368.717948,4526.666666,4566.153846,4251.794871,4487.179487,4176.410256,4395.897435,4182.051282,4174.871794,4486.666666,4202.564102,4641.538461,4017.435897,4057.948717
21,4367.692307,4526.666666,4569.743589,4252.820512,4488.717948,4173.846153,4396.410256,4183.076923,4180.000000,4485.641025,4203.589743,4640.000000,4016.923076,4055.384615
22,4367.692307,4530.256410,4573.333333,4257.435897,4490.256410,4181.025641,4404.102564,4186.153846,4188.205128,4488.205128,4215.897435,4638.974358,4015.384615,4058.461538
23,4367.692307,4529.743589,4571.282051,4253.333333,4496.410256,4189.743589,4412.307692,4188.205128,4188.717948,4493.333333,4208.717948,4640.000000,4013.846153,4060.000000
24,4370.769230,4532.307692,4571.794871,4251.794871,4500.512820,4186.153846,4411.282051,4187.692307,4186.666666,4496.410256,4197.948717,4642.051282,4009.743589,4056.410256
25,4377.948717,4536.410256,4579.487179,4258.974358,4496.923076,4181.538461,4403.589743,4186.666666,4185.641025,4495.897435,4212.307692,4644.615384,4014.871794,4057.435897
26,4379.487179,4531.282051,4577.948717,4255.384615,4495.897435,4183.589743,4400.000000,4187.179487,4184.102564,4490.769230,4223.589743,4645.641025,4021.538461,4060.512820
27,4372.820512,4526.153846,4574.871794,4246.153846,4496.923076,4182.051282,4397.948717,4187.179487,4180.000000,4486.666666,4213.846153,4644.102564,4015.384615,4059.487179
28,4370.769230,4527.179487,4582.051282,4250.256410,4492.820512,4175.897435,4396.410256,4187.692307,4182.564102,4492.307692,4211.794871,4644.615384,4012.820512,4060.512820
29,4369.230769,4524.102564,4581.025641,4253.333333,4490.256410,4175.384615,4400.512820,4188.205128,4187.179487,4498.974358,4219.487179,4644.102564,4014.358974,4060.000000
30,4362.051282,4516.410256,4568.717948,4245.641025,4488.717948,4174.871794,4398.974358,4186.666666,4182.564102,4490.256410,4211.794871,4634.871794,4008.205128,4053.846153
31,4358.974358,4513.846153,4567.692307,4243.076923,4484.615384,4171.794871,4394.358974,4184.102564,4176.923076,4483.589743,4202.051282,4632.307692,4007.692307,4051.282051
32,4366.666666,4518.461538,4577.948717,4249.230769,4487.692307,4175.897435,4399.487179,4184.615384,4181.538461,4495.384615,4210.769230,4644.102564,4017.948717,4057.435897
33,4373.846153,4526.666666,4582.564102,4255.897435,4494.871794,4183.076923,4404.102564,4190.769230,4191.282051,4502.564102,4222.051282,4651.282051,4020.512820,4062.051282
34,4374.871794,4530.769230,4585.128205,4260.000000,4493.333333,4183.076923,4399.487179,4196.410256,4194.871794,4499.487179,4224.615384,4650.769230,4018.461538,4063.589743
35,4375.897435,4530.769230,4587.179487,4260.000000,4493.846153,4180.512820,4395.897435,4199.487179,4195.897435,4503.589743,4230.256410,4654.871794,4025.641025,4066.153846
36,4377.435897,4527.179487,4587.179487,4256.410256,4494.358974,4181.538461,4397.948717,4199.487179,4200.000000,4508.205128,4237.435897,4656.410256,4026.666666,4066.666666
37,4373.333333,4518.461538,4587.179487,4257.435897,4490.256410,4179.487179,4397.948717,4194.871794,4196.410256,4501.538461,4232.307692,4652.820512,4017.948717,4063.589743
38,4371.282051,4513.846153,4586.666666,4264.102564,4489.230769,4174.358974,4395.897435,4191.794871,4186.666666,4496.923076,4221.538461,4651.794871,4013.333333,4059.487179
39,4371.282051,4517.948717,4586.153846,4264.615384,4491.282051,4174.871794,4396.923076,4197.435897,4184.615384,4500.000000,4224.102564,4649.743589,4012.307692,4058.974358
40,4369.743589,4520.512820,4584.102564,4261.025641,4490.769230,4177.435897,4397.435897,4202.564102,4190.769230,4501.538461,4233.333333,4646.666666,4013.333333,4058.974358
41,4366.666666,4518.974358,4583.076923,4263.589743,4492.307692,4175.384615,4396.923076,4198.974358,4188.717948,4496.410256,4228.205128,4644.102564,4011.794871,4058.974358
42,4367.179487,4518.461538,4577.948717,4263.589743,4490.769230,4174.358974,4397.435897,4195.897435,4185.128205,4491.282051,4212.820512,4644.615384,4003.076923,4055.384615
43,4365.641025,4512.820512,4571.794871,4253.846153,4480.512820,4175.897435,4395.897435,4197.948717,4190.256410,4492.820512,4205.641025,4645.128205,3997.948718,4045.128205
44,4360.000000,4507.179487,4571.282051,4246.666666,4480.000000,4170.256410,4393.846153,4196.410256,4188.205128,4492.307692,4209.230769,4641.025641,4000.512820,4041.538461
45,4359.487179,4509.743589,4570.769230,4244.102564,4484.615384,4166.153846,4394.871794,4192.820512,4182.051282,4488.205128,4212.820512,4635.897435,4002.051282,4045.128205
46,4364.615384,4517.948717,4569.743589,4243.589743,4483.076923,4173.333333,4397.435897,4193.846153,4186.153846,4491.794871,4208.717948,4638.974358,3998.974359,4046.666666
47,4366.153846,4518.461538,4570.769230,4248.205128,4484.102564,4175.384615,4397.435897,4198.974358,4191.282051,4495.897435,4198.461538,4642.564102,3998.461539,4045.128205
48,4360.000000,4509.230769,4568.205128,4251.794871,4490.769230,4169.743589,4394.871794,4197.435897,4183.076923,4488.205128,4194.871794,4635.384615,3998.461539,4043.589743
49,4357.948717,4512.820512,4566.153846,4255.384615,4492.307692,4173.333333,4395.897435,4197.948717,4183.076923,4489.743589,4207.692307,4631.794871,4002.051282,4043.589743
50,4364.102564,4528.205128,4570.256410,4258.974358,4489.743589,4181.025641,4398.974358,4200.512820,4195.897435,4503.076923,4220.000000,4637.435897,4007.179487,4046.666666
51,4364.615384,4526.666666,4571.794871,4256.923076,4490.256410,4176.923076,4395.384615,4193.846153,4194.871794,4504.615384,4221.025641,4641.538461,4003.589743,4047.692307
52,4357.435897,4508.717948,4567.692307,4252.307692,4488.717948,4167.179487,4386.666666,4185.641025,4178.461538,4495.897435,4213.333333,4639.487179,4001.025641,4041.538461
53,4354.871794,4504.102564,4565.128205,4249.230769,4483.076923,4166.666666,4385.128205,4183.589743,4169.230769,4491.282051,4206.153846,4633.846153,4002.051282,4036.923076
54,4360.512820,4513.333333,4568.205128,4250.769230,4484.615384,4172.307692,4393.333333,4189.743589,4177.435897,4496.923076,4208.717948,4633.333333,4003.589743,4042.564102
55,4365.128205,4517.435897,4572.307692,4256.410256,4489.230769,4173.846153,4398.974358,4194.871794,4186.153846,4502.564102,4213.333333,4638.974358,4004.102564,4048.205128
56,4365.128205,4513.846153,4569.743589,4256.923076,4483.076923,4171.794871,4397.435897,4190.256410,4182.564102,4496.410256,4211.794871,4640.512820,4001.538461,4046.153846
57,4357.948717,4506.666666,4563.589743,4248.717948,4478.974358,4168.717948,4395.897435,4183.589743,4173.333333,4485.128205,4208.205128,4633.846153,3991.794872,4038.461538
58,4350.256410,4499.487179,4562.564102,4242.051282,4482.564102,4164.102564,4396.410256,4183.589743,4169.230769,4483.076923,4203.076923,4630.769230,3985.128206,4034.871794
59,4353.333333,4504.615384,4566.666666,4246.153846,4482.051282,4166.666666,4396.923076,4187.692307,4175.897435,4486.153846,4201.538461,4634.871794,3990.769231,4038.974358
60,4363.589743,4515.384615,4573.846153,4255.384615,4484.615384,4176.410256,4401.538461,4194.358974,4180.512820,4488.205128,4208.717948,4637.435897,3996.410257,4044.615384
61,4367.179487,4516.923076,4583.589743,4258.461538,4493.846153,4178.461538,4411.282051,4203.076923,4179.487179,4493.846153,4215.384615,4641.538461,3993.846154,4047.692307
62,4366.153846,4516.410256,4585.641025,4256.410256,4492.307692,4175.897435,4413.333333,4202.051282,4182.564102,4496.410256,4208.717948,4644.102564,3989.743590,4048.205128
63,4365.128205,4517.435897,4583.589743,4260.512820,4487.179487,4176.923076,4412.307692,4200.000000,4188.717948,4490.769230,4196.923076,4642.051282,3994.358975,4050.256410
64,4361.538461,4513.846153,4584.102564,4260.512820,4492.820512,4178.461538,4412.307692,4204.102564,4185.128205,4483.076923,4200.512820,4638.974358,3998.974359,4048.205128
65,4360.512820,4509.743589,4584.615384,4249.230769,4492.820512,4177.435897,4408.205128,4202.564102,4178.461538,4481.025641,4213.333333,4637.948717,3987.179488,4040.000000
66,4362.051282,4510.769230,4583.589743,4246.666666,4485.128205,4173.846153,4402.564102,4198.461538,4180.512820,4487.179487,4210.769230,4636.410256,3977.948718,4041.025641
67,4360.512820,4506.153846,4582.051282,4250.256410,4487.179487,4173.333333,4401.538461,4195.897435,4180.512820,4491.282051,4202.564102,4633.333333,3985.128206,4049.743589
68,4360.000000,4502.564102,4581.025641,4249.230769,4488.717948,4176.923076,4405.641025,4196.410256,4177.948717,4485.641025,4210.256410,4636.923076,3994.358975,4047.692307
69,4366.666666,4510.769230,4584.615384,4252.307692,4484.615384,4178.461538,4409.743589,4200.512820,4181.538461,4487.179487,4221.538461,4641.538461,3996.923077,4045.641025
70,4370.256410,4515.897435,4586.153846,4256.410256,4483.076923,4173.846153,4407.179487,4202.051282,4184.102564,4497.948717,4223.589743,4641.538461,3991.282052,4051.282051
71,4363.076923,4511.794871,4584.102564,4250.769230,4481.538461,4170.769230,4403.076923,4196.410256,4183.589743,4495.384615,4217.435897,4641.538461,3986.153847,4048.205128
72,4361.025641,4510.256410,4584.615384,4250.769230,4483.589743,4172.820512,4403.076923,4197.948717,4188.717948,4489.743589,4211.794871,4644.615384,3990.769231,4042.051282
73,4362.564102,4507.179487,4580.000000,4253.333333,4484.615384,4176.923076,4401.538461,4201.025641,4190.256410,4494.358974,4209.743589,4639.487179,3990.256411,4042.051282
74,4354.871794,4497.435897,4569.743589,4243.076923,4481.025641,4174.358974,4395.384615,4191.794871,4178.974358,4489.230769,4206.666666,4629.230769,3977.435898,4036.923076
75,4353.846153,4497.435897,4568.205128,4236.410256,4478.974358,4165.641025,4395.897435,4188.717948,4176.923076,4480.512820,4210.256410,4630.769230,3978.461539,4034.358974
76,4360.000000,4503.589743,4571.282051,4238.974358,4478.461538,4166.666666,4398.974358,4193.333333,4183.076923,4486.666666,4213.846153,4633.333333,3991.282052,4039.487179
77,4364.102564,4501.538461,4568.717948,4240.512820,4477.435897,4171.794871,4398.974358,4192.820512,4181.538461,4494.358974,4213.333333,4630.769230,3997.435898,4044.102564
78,4366.666666,4500.512820,4573.846153,4249.230769,4477.948717,4171.282051,4405.641025,4196.410256,4182.051282,4492.820512,4220.512820,4635.897435,4001.538461,4048.205128
79,4370.769230,4508.717948,4586.153846,4265.128205,4483.076923,4173.333333,4412.820512,4202.564102,4194.358974,4497.435897,4233.333333,4642.051282,4003.076923,4052.820512
80,4374.358974,4516.410256,4589.230769,4268.205128,4486.153846,4179.487179,4413.846153,4204.102564,4201.025641,4507.179487,4228.717948,4639.487179,3999.487180,4050.256410
81,4376.410256,4517.948717,4587.692307,4262.051282,4486.153846,4181.538461,4417.948717,4204.102564,4194.871794,4507.179487,4219.487179,4635.897435,4001.538461,4050.256410
82,4369.230769,4512.820512,4584.615384,4255.384615,4485.641025,4177.948717,4417.948717,4197.435897,4187.692307,4495.384615,4218.974358,4633.846153,4000.512820,4051.282051
83,4357.435897,4502.564102,4573.846153,4246.666666,4483.076923,4173.846153,4407.179487,4184.102564,4181.025641,4482.564102,4212.820512,4627.179487,3984.102565,4042.051282
84,4355.897435,4497.948717,4566.666666,4246.153846,4480.000000,4170.769230,4405.128205,4183.589743,4173.846153,4477.948717,4205.128205,4624.615384,3975.384616,4035.384615
85,4361.025641,4501.538461,4572.307692,4249.230769,4481.538461,4172.820512,4413.333333,4185.641025,4172.307692,4477.948717,4204.102564,4629.230769,3986.153847,4036.410256
86,4360.512820,4503.076923,4575.384615,4247.692307,4485.128205,4174.871794,4413.846153,4182.564102,4174.871794,4479.487179,4202.564102,4628.205128,3988.717949,4036.923076
87,4354.871794,4497.435897,4568.205128,4246.666666,4480.512820,4171.282051,4408.717948,4183.076923,4174.358974,4484.102564,4199.487179,4622.051282,3978.974359,4035.384615
88,4350.256410,4495.897435,4568.205128,4246.666666,4472.307692,4165.641025,4404.102564,4184.615384,4171.282051,4485.128205,4206.666666,4621.538461,3975.384616,4030.256410
89,4354.358974,4502.564102,4576.923076,4246.153846,4476.410256,4170.256410,4404.615384,4183.076923,4175.897435,4483.076923,4214.358974,4628.717948,3980.000000,4029.230769
90,4361.538461,4507.692307,4581.538461,4247.692307,4485.641025,4175.384615,4409.230769,4186.666666,4180.512820,4488.717948,4206.666666,4631.282051,3985.128206,4036.923076
91,4360.512820,4505.641025,4580.000000,4247.692307,4485.641025,4170.256410,4411.794871,4191.794871,4183.076923,4499.487179,4208.717948,4626.666666,3990.769231,4042.564102
92,4355.384615,4500.512820,4578.974358,4243.589743,4478.974358,4167.179487,4409.230769,4189.743589,4186.666666,4499.487179,4221.538461,4623.076923,3996.923077,4038.461538
93,4357.435897,4500.512820,4581.538461,4245.128205,4479.487179,4172.820512,4410.256410,4191.282051,4187.179487,4493.333333,4217.435897,4624.615384,3996.923077,4036.410256
94,4366.666666,4508.205128,4584.615384,4252.307692,4484.615384,4176.410256,4417.435897,4201.025641,4188.205128,4495.897435,4210.769230,4631.282051,3993.846154,4041.538461
95,4369.230769,4512.307692,4587.692307,4257.435897,4486.666666,4176.410256,4423.076923,4202.051282,4190.256410,4500.512820,4222.051282,4636.923076,3992.820513,4047.692307
96,4364.102564,4509.743589,4588.205128,4252.820512,4484.102564,4177.435897,4423.076923,4191.282051,4184.102564,4498.461538,4227.692307,4636.410256,3990.256411,4047.179487
97,4361.538461,4508.717948,4585.128205,4244.615384,4478.461538,4172.820512,4418.461538,4185.641025,4174.871794,4494.871794,4219.487179,4630.769230,3985.128206,4041.538461
98,4361.025641,4505.641025,4583.589743,4247.179487,4475.897435,4165.641025,4416.923076,4187.692307,4175.897435,4491.282051,4211.282051,4629.743589,3982.564103,4039.487179
99,4365.641025,4505.128205,4586.153846,4254.871794,4481.025641,4167.692307,4421.025641,4188.205128,4184.102564,4492.820512,4210.769230,4633.846153,3987.179488,4045.641025
100,4370.256410,4511.282051,4590.256410,4255.897435,4482.051282,4173.333333,4422.564102,4190.256410,4186.666666,4498.974358,4218.461538,4635.897435,3998.461539,4052.307692
101,4363.076923,4510.256410,4588.205128,4247.179487,4474.871794,4168.717948,4414.871794,4189.230769,4177.435897,4493.333333,4221.025641,4633.846153,3996.410257,4047.179487
102,4355.384615,4505.128205,4583.076923,4245.128205,4474.358974,4165.128205,4409.230769,4185.128205,4171.282051,4488.717948,4209.230769,4630.256410,3985.128206,4038.974358
103,4362.051282,4510.256410,4588.205128,4256.923076,4483.589743,4173.333333,4413.333333,4191.794871,4182.564102,4498.461538,4203.076923,4632.820512,3987.692308,4044.615384
104,4366.666666,4515.897435,4596.410256,4257.435897,4487.692307,4178.461538,4415.897435,4197.435897,4188.717948,4497.948717,4210.769230,4639.487179,3994.871795,4052.820512
105,4362.051282,4508.717948,4592.820512,4244.615384,4483.589743,4175.384615,4411.794871,4192.820512,4182.564102,4486.666666,4218.974358,4642.564102,3992.820513,4049.743589
106,4362.564102,4502.564102,4589.230769,4241.025641,4480.512820,4174.358974,4409.743589,4193.846153,4185.641025,4496.923076,4221.025641,4643.589743,3999.487180,4050.769230
107,4366.153846,4505.641025,4593.846153,4240.512820,4481.025641,4174.358974,4410.256410,4201.025641,4194.871794,4512.820512,4212.820512,4645.128205,4011.794871,4058.461538
108,4366.666666,4511.282051,4595.384615,4236.923076,4482.051282,4172.820512,4410.769230,4200.000000,4192.820512,4508.205128,4200.000000,4646.153846,4014.358974,4056.923076
109,4367.692307,4516.410256,4596.410256,4243.589743,4484.102564,4174.871794,4414.358974,4197.948717,4189.230769,4502.051282,4195.897435,4649.743589,4018.974358,4057.435897
110,4368.717948,4518.461538,4597.948717,4246.153846,4484.102564,4177.435897,4413.846153,4201.025641,4190.769230,4503.589743,4196.923076,4649.230769,4025.641025,4064.102564
111,4359.487179,4511.282051,4588.205128,4232.820512,4478.974358,4169.743589,4406.153846,4196.410256,4185.641025,4498.974358,4185.128205,4640.000000,4019.487179,4053.333333
112,4345.128205,4500.000000,4578.974358,4226.153846,4472.307692,4158.974358,4401.025641,4185.641025,4174.358974,4491.794871,4169.743589,4629.743589,4004.615384,4036.923076
113,4343.076923,4499.487179,4584.102564,4234.871794,4469.230769,4158.974358,4404.615384,4185.128205,4176.923076,4491.794871,4162.564102,4628.205128,3996.410257,4040.000000
114,4350.769230,4508.205128,4589.230769,4242.564102,4472.307692,4164.102564,4409.743589,4191.282051,4184.615384,4490.769230,4165.641025,4633.846153,4004.102564,4047.692307
115,4353.333333,4511.794871,4587.179487,4243.589743,4476.923076,4165.128205,4413.333333,4192.307692,4177.435897,4483.589743,4176.923076,4638.461538,4012.307692,4046.666666
116,4353.333333,4508.205128,4585.641025,4243.589743,4475.897435,4164.102564,4416.923076,4196.410256,4174.871794,4482.564102,4183.076923,4639.487179,4006.153846,4049.230769
117,4355.384615,4504.615384,4588.205128,4246.153846,4472.307692,4165.128205,4417.948717,4202.564102,4183.076923,4485.641025,4176.923076,4636.923076,4005.128205,4054.871794
118,4350.256410,4503.589743,4585.128205,4242.051282,4469.743589,4158.974358,4413.846153,4191.282051,4181.538461,4484.102564,4164.102564,4630.256410,4008.717948,4049.230769
119,4338.461538,4495.897435,4576.923076,4230.769230,4464.102564,4150.769230,4410.769230,4184.102564,4172.820512,4481.538461,4159.487179,4628.205128,4000.000000,4039.487179
120,4340.512820,4492.307692,4576.410256,4230.769230,4462.564102,4153.846153,4411.794871,4196.410256,4176.923076,4484.102564,4170.256410,4633.333333,3994.871795,4041.538461
121,4353.846153,4499.487179,4585.641025,4242.564102,4469.743589,4163.589743,4417.435897,4207.179487,4185.128205,4489.743589,4185.128205,4638.461538,4005.128205,4048.717948
122,4354.871794,4500.512820,4586.153846,4243.076923,4472.820512,4167.179487,4418.974358,4203.076923,4181.538461,4488.205128,4182.564102,4636.410256,4007.179487,4045.641025
123,4341.538461,4492.307692,4573.333333,4230.256410,4468.205128,4159.487179,4409.230769,4192.307692,4171.794871,4478.974358,4168.717948,4628.717948,3994.358975,4034.358974
124,4338.461538,4489.743589,4570.769230,4225.128205,4465.641025,4151.794871,4400.512820,4184.615384,4168.205128,4473.333333,4170.256410,4626.666666,3985.641026,4033.846153
125,4351.282051,4492.307692,4581.538461,4233.333333,4465.641025,4152.820512,4402.051282,4189.743589,4171.794871,4476.923076,4180.000000,4633.333333,3993.333334,4043.589743
126,4356.923076,4495.897435,4586.153846,4240.000000,4468.717948,4160.512820,4408.717948,4199.487179,4180.512820,4485.128205,4179.487179,4636.923076,4004.615384,4050.256410
127,4352.307692,4500.000000,4583.076923,4237.948717,4475.384615,4166.153846,4415.384615,4202.051282,4187.179487,4487.179487,4176.923076,4634.871794,4007.692307,4049.230769
128,4357.948717,4501.538461,4585.641025,4239.487179,4477.948717,4164.102564,4418.461538,4203.589743,4185.128205,4487.179487,4187.692307,4639.487179,4007.692307,4049.230769
129,4366.666666,4502.564102,4592.820512,4245.641025,4474.358974,4163.076923,4421.538461,4205.641025,4181.025641,4493.333333,4196.923076,4646.666666,4005.641025,4055.897435
130,4364.102564,4507.692307,4595.897435,4248.205128,4474.871794,4169.230769,4425.641025,4203.076923,4178.461538,4495.897435,4191.794871,4646.666666,4002.564102,4058.461538
131,4363.076923,4511.282051,4596.923076,4254.871794,4480.512820,4172.307692,4423.589743,4201.538461,4176.923076,4488.205128,4189.743589,4644.615384,4002.564102,4054.871794
132,4368.205128,4509.230769,4597.948717,4262.051282,4484.102564,4168.205128,4417.435897,4200.512820,4177.435897,4484.615384,4201.025641,4647.692307,4003.589743,4055.897435
133,4367.692307,4511.794871,4597.435897,4257.435897,4482.051282,4168.717948,4413.333333,4201.025641,4182.051282,4492.307692,4208.717948,4652.307692,4004.102564,4058.461538
134,4361.538461,4513.846153,4592.307692,4251.282051,4476.923076,4169.743589,4404.102564,4202.051282,4182.564102,4491.282051,4199.487179,4647.692307,3999.487180,4050.769230
135,4355.897435,4503.076923,4588.717948,4252.820512,4474.358974,4162.051282,4394.358974,4196.923076,4177.435897,4481.538461,4189.230769,4640.512820,3994.871795,4044.102564
136,4353.846153,4496.410256,4590.256410,4250.256410,4471.282051,4158.461538,4393.333333,4194.871794,4174.871794,4481.025641,4185.641025,4639.487179,3991.794872,4049.230769
137,4353.333333,4497.948717,4588.205128,4242.564102,4469.230769,4160.512820,4396.410256,4195.384615,4176.923076,4482.564102,4185.128205,4637.435897,3988.205129,4047.692307
138,4352.820512,4495.897435,4583.589743,4242.051282,4473.846153,4160.512820,4395.897435,4194.358974,4178.461538,4479.487179,4191.282051,4632.307692,3986.153847,4038.974358
139,4356.410256,4496.923076,4585.641025,4243.589743,4478.974358,4164.102564,4395.897435,4196.923076,4176.923076,4480.512820,4198.461538,4631.794871,3993.846154,4044.615384
140,4363.076923,4508.205128,4591.282051,4246.666666,4478.461538,4170.256410,4400.512820,4201.538461,4184.102564,4486.666666,4200.512820,4637.948717,4002.564102,4057.435897
141,4365.641025,4514.358974,4592.307692,4256.410256,4480.512820,4170.769230,4409.230769,4201.538461,4192.820512,4490.769230,4203.076923,4641.025641,3998.461539,4057.435897
142,4365.641025,4511.794871,4588.205128,4261.538461,4483.589743,4168.717948,4413.333333,4200.000000,4184.615384,4488.205128,4207.179487,4639.487179,3992.307693,4051.282051
143,4367.692307,4512.820512,4586.153846,4255.897435,4483.076923,4171.282051,4411.282051,4200.512820,4177.435897,4486.153846,4204.615384,4640.000000,3997.435898,4054.358974
144,4369.230769,4506.666666,4587.692307,4252.820512,4480.512820,4169.743589,4410.256410,4198.461538,4183.076923,4488.205128,4201.538461,4638.461538,4000.000000,4056.410256
145,4369.230769,4504.615384,4587.692307,4255.897435,4477.948717,4168.717948,4411.282051,4197.948717,4191.794871,4493.846153,4207.179487,4636.410256,3997.948718,4054.871794
146,4367.692307,4509.743589,4586.153846,4254.871794,4479.487179,4172.820512,4411.282051,4200.000000,4189.743589,4500.000000,4208.717948,4640.000000,4002.564102,4056.923076
147,4366.153846,4507.179487,4583.589743,4251.282051,4478.461538,4169.743589,4410.256410,4200.000000,4183.076923,4497.948717,4200.000000,4640.512820,4005.128205,4053.333333
148,4369.743589,4504.102564,4584.102564,4255.384615,4477.948717,4167.692307,4410.256410,4200.000000,4185.641025,4496.923076,4201.538461,4639.487179,4003.589743,4053.846153
149,4376.923076,4512.820512,4586.153846,4259.487179,4484.102564,4174.871794,4412.307692,4201.025641,4192.307692,4504.615384,4213.846153,4644.615384,4010.769230,4062.564102
150,4378.461538,4516.923076,4586.666666,4261.538461,4486.153846,4175.897435,4411.282051,4200.000000,4189.743589,4505.128205,4213.846153,4645.641025,4018.974358,4061.025641
151,4370.769230,4511.282051,4582.564102,4263.076923,4482.051282,4170.769230,4409.743589,4198.974358,4184.615384,4497.948717,4205.128205,4637.948717,4011.282051,4053.333333
152,4366.666666,4511.282051,4576.410256,4257.435897,4483.076923,4174.358974,4410.769230,4200.512820,4188.717948,4498.461538,4201.538461,4638.461538,4003.076923,4055.897435
153,4367.692307,4510.256410,4571.794871,4250.769230,4485.128205,4178.461538,4412.307692,4197.435897,4190.769230,4499.487179,4202.051282,4637.948717,4005.641025,4052.820512
154,4363.589743,4504.615384,4569.743589,4248.205128,4482.051282,4170.769230,4411.282051,4191.794871,4182.564102,4495.384615,4201.538461,4631.282051,4005.128205,4044.102564
155,4361.538461,4500.000000,4572.307692,4249.743589,4484.102564,4167.692307,4413.846153,4196.923076,4184.102564,4498.461538,4203.076923,4635.897435,4004.615384,4052.820512
156,4368.717948,4502.051282,4573.846153,4252.820512,4483.589743,4172.820512,4418.461538,4205.641025,4190.256410,4501.025641,4204.615384,4642.051282,4007.179487,4061.025641
157,4364.615384,4500.512820,4570.256410,4249.230769,4473.846153,4169.743589,4415.897435,4196.923076,4184.102564,4492.820512,4196.923076,4629.743589,4001.025641,4048.717948
158,4351.794871,4493.333333,4564.102564,4243.589743,4471.794871,4164.615384,4409.743589,4187.179487,4177.948717,4490.256410,4184.102564,4621.025641,3992.820513,4038.974358
159,4361.538461,4501.538461,4567.179487,4252.820512,4482.564102,4174.358974,4412.820512,4195.897435,4190.256410,4498.974358,4194.358974,4633.333333,4002.051282,4049.230769
160,4375.384615,4515.897435,4576.410256,4265.128205,4488.205128,4181.538461,4417.948717,4205.641025,4197.948717,4505.128205,4215.897435,4642.051282,4009.743589,4057.948717
161,4367.692307,4512.820512,4575.897435,4257.435897,4486.153846,4177.948717,4415.384615,4202.564102,4189.743589,4502.051282,4212.820512,4633.846153,3997.948718,4050.256410
162,4363.076923,4504.615384,4569.743589,4250.769230,4485.641025,4177.435897,4413.333333,4199.487179,4186.666666,4501.025641,4197.435897,4631.282051,3989.230770,4045.128205
163,4369.743589,4508.205128,4574.871794,4261.538461,4488.717948,4179.487179,4414.358974,4202.564102,4189.743589,4504.102564,4197.948717,4633.333333,3992.307693,4051.282051
164,4372.307692,4512.307692,4587.179487,4268.205128,4489.230769,4178.974358,4414.871794,4203.076923,4193.333333,4505.128205,4206.153846,4631.794871,3997.948718,4054.358974
165,4373.846153,4512.307692,4586.153846,4263.076923,4487.692307,4181.025641,4418.461538,4201.025641,4194.358974,4502.564102,4206.666666,4632.307692,4000.000000,4054.358974
166,4382.564102,4515.897435,4582.051282,4263.076923,4491.282051,4185.128205,4425.128205,4200.512820,4189.743589,4502.051282,4209.743589,4638.974358,4000.512820,4061.025641
167,4386.666666,4521.025641,4589.230769,4272.307692,4498.974358,4188.205128,4432.307692,4205.128205,4190.769230,4505.128205,4217.435897,4648.205128,4003.076923,4066.666666
168,4381.025641,4518.974358,4588.205128,4275.897435,4496.923076,4183.076923,4429.230769,4200.512820,4190.769230,4502.564102,4207.692307,4645.641025,4002.051282,4058.461538
169,4374.871794,4512.820512,4572.820512,4264.615384,4485.641025,4175.897435,4420.000000,4189.230769,4183.076923,4494.871794,4186.666666,4631.282051,3993.333334,4051.282051
170,4376.410256,4511.282051,4574.871794,4258.974358,4485.641025,4176.410256,4418.974358,4194.871794,4183.589743,4495.897435,4194.871794,4630.769230,3990.769231,4056.410256
171,4380.000000,4511.282051,4586.153846,4265.128205,4491.282051,4178.461538,4422.051282,4202.051282,4191.794871,4501.025641,4223.076923,4642.051282,3995.384616,4061.025641
172,4375.384615,4510.256410,4576.923076,4263.589743,4482.564102,4170.769230,4412.820512,4190.769230,4184.615384,4499.487179,4224.102564,4637.435897,3994.358975,4054.358974
173,4375.384615,4514.358974,4570.256410,4261.025641,4480.000000,4167.692307,4409.230769,4184.102564,4178.974358,4497.435897,4211.282051,4632.307692,3993.333334,4053.333333
174,4383.589743,4518.461538,4579.487179,4268.717948,4491.794871,4175.897435,4422.564102,4194.871794,4187.692307,4500.512820,4221.025641,4640.512820,4002.564102,4063.076923
175,4383.589743,4517.435897,4577.948717,4272.307692,4494.871794,4182.051282,4429.743589,4198.974358,4190.769230,4501.538461,4234.358974,4642.564102,4004.102564,4064.102564
176,4376.410256,4519.487179,4567.692307,4266.153846,4490.256410,4184.102564,4424.615384,4197.948717,4188.205128,4502.051282,4229.230769,4637.948717,3996.410257,4057.948717
177,4372.820512,4522.051282,4569.230769,4265.641025,4490.256410,4185.641025,4420.512820,4197.948717,4184.102564,4501.025641,4223.589743,4635.384615,3995.897436,4056.923076
178,4372.820512,4515.897435,4570.256410,4266.666666,4492.307692,4182.051282,4421.025641,4192.307692,4180.512820,4501.025641,4226.153846,4632.820512,4000.512820,4055.384615
179,4373.333333,4510.256410,4564.615384,4256.410256,4491.282051,4176.923076,4423.076923,4190.769230,4187.692307,4507.179487,4224.102564,4633.333333,3996.410257,4052.820512
180,4372.307692,4512.307692,4566.153846,4251.282051,4488.717948,4179.487179,4428.205128,4198.461538,4195.384615,4507.692307,4219.487179,4635.897435,3987.692308,4053.333333
181,4369.230769,4513.846153,4568.205128,4259.487179,4489.743589,4181.538461,4433.333333,4203.589743,4190.769230,4501.025641,4219.487179,4634.358974,3989.743590,4052.820512
182,4367.692307,4512.820512,4561.025641,4263.076923,4491.282051,4178.461538,4432.307692,4202.564102,4189.743589,4500.000000,4220.000000,4634.358974,3994.871795,4051.282051
183,4372.307692,4512.820512,4561.025641,4261.025641,4491.282051,4176.410256,4427.179487,4198.461538,4194.871794,4503.589743,4219.487179,4640.512820,3995.897436,4053.846153
184,4376.923076,4515.384615,4564.615384,4265.641025,4490.769230,4176.923076,4425.128205,4194.871794,4190.769230,4503.076923,4225.128205,4643.589743,3994.358975,4056.410256
185,4374.358974,4516.410256,4562.051282,4267.692307,4489.230769,4179.487179,4428.717948,4197.435897,4187.692307,4500.000000,4227.692307,4640.000000,3991.282052,4055.384615
186,4367.692307,4513.846153,4557.948717,4257.435897,4489.743589,4178.974358,4429.230769,4200.512820,4191.282051,4498.974358,4223.589743,4636.923076,3987.692308,4053.333333
187,4367.692307,4511.282051,4558.461538,4256.410256,4491.794871,4178.461538,4427.179487,4197.948717,4191.794871,4496.410256,4218.974358,4638.974358,3988.205129,4051.794871
188,4369.743589,4511.794871,4561.025641,4268.205128,4492.307692,4179.487179,4432.820512,4196.410256,4189.743589,4500.512820,4213.333333,4641.538461,3993.333334,4049.230769
189,4370.256410,4514.358974,4562.564102,4271.282051,4491.794871,4184.615384,4440.512820,4201.025641,4189.743589,4508.205128,4214.871794,4641.538461,3995.897436,4050.256410
190,4369.230769,4515.384615,4563.076923,4265.128205,4490.769230,4185.128205,4435.384615,4199.487179,4186.153846,4506.153846,4226.666666,4638.974358,3990.256411,4050.769230
191,4365.641025,4515.384615,4555.897435,4260.512820,4486.666666,4177.948717,4426.153846,4189.230769,4182.564102,4502.051282,4234.871794,4636.923076,3986.666667,4045.128205
192,4368.205128,4515.384615,4553.846153,4259.487179,4486.666666,4175.384615,4432.307692,4188.717948,4186.666666,4507.692307,4237.948717,4638.974358,3997.435898,4045.641025
193,4376.410256,4514.871794,4564.615384,4261.538461,4491.282051,4181.025641,4445.128205,4201.025641,4194.358974,4514.871794,4242.564102,4642.051282,4010.256410,4053.846153
194,4374.871794,4516.923076,4568.205128,4261.538461,4493.333333,4184.102564,4445.128205,4204.615384,4196.410256,4515.384615,4240.512820,4640.512820,4001.538461,4054.358974
195,4367.692307,4517.435897,4557.435897,4256.410256,4489.743589,4179.487179,4438.461538,4191.282051,4188.717948,4509.230769,4230.256410,4634.358974,3982.564103,4048.205128
196,4368.717948,4516.410256,4550.769230,4259.487179,4487.179487,4176.923076,4439.487179,4184.615384,4180.000000,4498.974358,4221.025641,4631.794871,3984.615385,4048.717948
197,4372.820512,4516.410256,4558.461538,4267.179487,4488.717948,4177.435897,4443.589743,4188.205128,4180.000000,4495.897435,4221.025641,4634.871794,4000.512820,4051.794871
198,4373.846153,4516.923076,4560.512820,4265.641025,4490.769230,4178.461538,4444.615384,4189.743589,4183.589743,4502.051282,4226.153846,4636.923076,4002.564102,4054.871794
199,4376.410256,4524.102564,4554.871794,4262.564102,4492.820512,4185.128205,4447.179487,4188.205128,4181.025641,4503.589743,4224.102564,4636.410256,3994.358975,4055.897435
200,4371.794871,4525.641025,4553.846153,4263.076923,4492.820512,4186.153846,4446.153846,4184.615384,4175.384615,4498.974358,4221.538461,4634.358974,3987.179488,4048.205128
201,4366.153846,4515.384615,4552.820512,4260.512820,4491.794871,4178.461538,4442.564102,4181.538461,4175.384615,4496.410256,4229.743589,4635.384615,3981.538462,4043.589743
202,4370.256410,4517.948717,4553.333333,4262.564102,4492.307692,4177.435897,4444.102564,4183.589743,4182.051282,4500.512820,4236.923076,4640.512820,3987.179488,4052.307692
203,4374.871794,4530.769230,4554.871794,4269.743589,4491.282051,4181.538461,4445.641025,4188.205128,4188.205128,4507.692307,4236.923076,4645.128205,4003.589743,4058.461538
204,4375.897435,4529.743589,4553.846153,4270.769230,4486.666666,4181.538461,4446.153846,4187.692307,4187.692307,4509.743589,4237.948717,4644.615384,4006.666666,4055.384615
205,4379.487179,4525.641025,4554.358974,4271.282051,4493.333333,4181.025641,4453.333333,4186.666666,4189.743589,4507.179487,4233.846153,4644.615384,3999.487180,4057.435897
206,4382.564102,4536.410256,4556.923076,4279.487179,4501.538461,4186.153846,4461.025641,4187.179487,4193.333333,4510.769230,4231.282051,4646.666666,4003.076923,4066.153846
207,4377.948717,4536.923076,4552.307692,4282.051282,4497.948717,4189.743589,4458.974358,4190.769230,4191.794871,4515.897435,4231.282051,4645.128205,4010.256410,4066.153846
208,4373.333333,4530.256410,4545.641025,4277.435897,4499.487179,4189.230769,4456.923076,4197.435897,4189.743589,4510.256410,4218.974358,4645.641025,4013.846153,4059.487179
209,4378.974358,4534.871794,4550.769230,4278.461538,4502.564102,4189.743589,4460.000000,4202.051282,4200.000000,4506.666666,4213.333333,4651.794871,4020.512820,4063.589743
210,4385.641025,4537.948717,4555.384615,4284.615384,4501.025641,4189.743589,4462.564102,4205.128205,4210.769230,4517.435897,4224.102564,4655.384615,4022.564102,4073.846153
211,4378.461538,4532.307692,4546.666666,4281.025641,4498.974358,4185.641025,4461.538461,4203.076923,4202.051282,4515.897435,4218.974358,4645.128205,4016.410256,4066.666666
212,4362.051282,4528.205128,4537.435897,4268.205128,4492.307692,4177.948717,4458.461538,4190.769230,4185.641025,4494.358974,4191.794871,4630.256410,4011.282051,4050.256410
213,4358.974358,4522.564102,4535.897435,4262.051282,4485.641025,4174.358974,4456.923076,4182.051282,4181.538461,4485.641025,4177.948717,4630.256410,4005.641025,4046.666666
214,4365.128205,4518.461538,4538.461538,4266.666666,4485.128205,4171.794871,4456.410256,4185.641025,4185.128205,4490.769230,4185.128205,4635.897435,4002.564102,4051.282051
215,4363.076923,4524.102564,4536.923076,4268.717948,4484.615384,4171.282051,4455.384615,4186.153846,4182.051282,4488.205128,4188.717948,4632.820512,4004.102564,4049.743589
216,4360.000000,4528.717948,4530.769230,4260.000000,4483.589743,4174.358974,4457.435897,4182.564102,4177.435897,4485.641025,4179.487179,4630.256410,3998.974359,4045.128205
217,4364.102564,4523.076923,4522.564102,4257.948717,4490.256410,4176.923076,4459.487179,4184.102564,4182.564102,4492.307692,4170.256410,4634.871794,4000.000000,4046.666666
218,4369.230769,4521.538461,4523.589743,4270.256410,4492.307692,4177.948717,4458.974358,4186.153846,4189.230769,4492.307692,4173.333333,4637.948717,4008.205128,4054.358974
219,4369.230769,4530.256410,4531.282051,4272.820512,4490.769230,4182.564102,4466.153846,4186.153846,4187.692307,4486.666666,4185.641025,4637.435897,4006.153846,4056.923076
220,4369.230769,4531.282051,4530.769230,4268.717948,4496.410256,4186.153846,4472.307692,4188.205128,4187.179487,4487.179487,4189.230769,4640.000000,4002.564102,4054.871794
221,4368.717948,4521.538461,4523.589743,4273.846153,4497.948717,4182.051282,4466.666666,4189.743589,4190.256410,4491.282051,4181.025641,4641.538461,4007.179487,4054.871794
222,4367.179487,4520.000000,4520.512820,4275.897435,4493.846153,4182.564102,4462.051282,4188.717948,4190.256410,4492.820512,4180.512820,4641.025641,4011.282051,4059.487179
223,4371.282051,4527.692307,4524.102564,4272.307692,4495.384615,4187.692307,4464.102564,4189.230769,4188.717948,4493.846153,4193.333333,4643.589743,4012.307692,4061.025641
224,4373.846153,4525.128205,4525.641025,4278.461538,4496.923076,4184.102564,4468.205128,4189.743589,4191.794871,4498.461538,4203.076923,4644.615384,4008.205128,4056.923076
225,4366.666666,4518.461538,4523.589743,4282.564102,4493.846153,4178.974358,4467.692307,4187.692307,4192.820512,4498.974358,4204.102564,4640.512820,3998.974359,4053.333333
226,4362.051282,4521.538461,4523.076923,4277.948717,4494.358974,4182.051282,4465.128205,4190.256410,4185.128205,4489.743589,4201.025641,4637.948717,4001.538461,4054.871794
227,4368.205128,4528.717948,4522.564102,4275.897435,4496.410256,4185.641025,4467.179487,4195.897435,4181.025641,4482.564102,4193.846153,4642.564102,4009.230769,4056.923076
228,4371.794871,4527.692307,4522.564102,4277.948717,4492.820512,4183.076923,4474.871794,4198.461538,4187.179487,4488.205128,4186.666666,4647.179487,4005.641025,4055.384615
229,4364.102564,4521.538461,4520.512820,4278.974358,4491.282051,4180.000000,4475.897435,4198.974358,4193.846153,4493.333333,4183.589743,4643.589743,3998.974359,4051.794871
230,4356.923076,4518.974358,4516.410256,4274.358974,4494.358974,4177.948717,4470.256410,4198.974358,4192.307692,4487.179487,4184.102564,4636.410256,3996.410257,4047.179487
231,4356.410256,4518.974358,4514.871794,4267.692307,4491.282051,4178.974358,4472.307692,4198.974358,4186.666666,4483.076923,4189.230769,4636.923076,3995.897436,4046.666666
232,4363.076923,4522.564102,4521.538461,4270.769230,4487.692307,4180.000000,4475.897435,4200.512820,4185.128205,4488.205128,4191.794871,4646.666666,3994.871795,4052.820512
233,4371.794871,4523.589743,4525.128205,4276.410256,4491.794871,4177.435897,4471.282051,4201.538461,4192.307692,4489.230769,4195.384615,4650.769230,3995.384616,4056.410256
234,4373.846153,4522.051282,4524.615384,4276.410256,4495.897435,4181.025641,4468.205128,4204.615384,4195.384615,4488.205128,4207.179487,4651.794871,3996.410257,4056.410256
235,4376.410256,4525.641025,4533.846153,4278.461538,4496.923076,4189.743589,4469.230769,4214.358974,4194.358974,4492.307692,4212.820512,4656.923076,3997.948718,4062.051282
236,4380.000000,4525.128205,4543.076923,4282.564102,4501.538461,4189.230769,4465.128205,4218.461538,4198.461538,4491.282051,4203.076923,4656.923076,4000.512820,4066.666666
237,4379.487179,4519.487179,4540.000000,4281.538461,4500.000000,4183.589743,4457.948717,4212.820512,4200.000000,4486.666666,4195.384615,4652.820512,4002.051282,4064.615384
238,4376.923076,4522.051282,4536.923076,4282.051282,4495.384615,4186.153846,4458.974358,4207.179487,4197.435897,4491.282051,4201.538461,4653.846153,4001.538461,4064.102564
239,4376.923076,4527.692307,4541.025641,4282.051282,4499.487179,4190.769230,4462.564102,4205.128205,4197.435897,4497.435897,4209.230769,4659.487179,4000.512820,4065.128205
240,4372.820512,4518.461538,4537.435897,4273.846153,4498.461538,4190.769230,4458.974358,4203.076923,4193.846153,4491.282051,4209.743589,4655.384615,3995.897436,4058.461538
241,4365.641025,4508.205128,4526.666666,4267.692307,4492.820512,4184.102564,4451.282051,4201.538461,4187.179487,4485.641025,4204.102564,4646.153846,3991.794872,4050.256410
242,4369.743589,4517.435897,4529.743589,4274.871794,4497.435897,4184.615384,4452.820512,4204.102564,4193.333333,4492.307692,4210.256410,4651.794871,4001.538461,4052.820512
243,4382.564102,4530.256410,4540.512820,4282.051282,4505.128205,4190.256410,4456.410256,4206.153846,4203.076923,4503.076923,4225.128205,4660.512820,4012.820512,4064.615384
244,4379.487179,4523.589743,4538.974358,4279.487179,4498.974358,4186.666666,4449.230769,4201.538461,4196.410256,4500.000000,4217.435897,4654.358974,4007.179487,4065.641025
245,4372.307692,4513.333333,4532.820512,4276.410256,4492.820512,4181.025641,4442.051282,4197.435897,4190.769230,4492.307692,4198.974358,4647.692307,4002.051282,4060.512820
246,4383.076923,4520.000000,4537.948717,4281.025641,4492.307692,4185.641025,4446.666666,4201.025641,4200.000000,4500.000000,4205.641025,4653.333333,4010.256410,4067.179487
247,4390.769230,4525.128205,4542.564102,4281.538461,4492.307692,4186.153846,4447.179487,4197.948717,4201.025641,4506.153846,4223.589743,4655.897435,4010.769230,4070.769230
248,4380.000000,4518.461538,4533.333333,4272.307692,4491.282051,4177.948717,4441.538461,4191.282051,4191.794871,4498.974358,4223.589743,4650.256410,4005.128205,4063.076923
249,4375.897435,4517.948717,4529.743589,4269.743589,4492.307692,4178.974358,4443.076923,4196.923076,4197.948717,4498.974358,4217.435897,4652.820512,4010.769230,4062.051282
250,4383.589743,4520.512820,4533.846153,4272.820512,4496.410256,4185.128205,4444.102564,4206.666666,4207.692307,4504.102564,4219.487179,4655.384615,4013.333333,4066.153846
251,4384.102564,4518.974358,4528.205128,4272.307692,4493.846153,4183.076923,4440.512820,4203.076923,4197.435897,4500.512820,4220.000000,4651.282051,4004.615384,4063.589743
252,4378.974358,4516.410256,4526.153846,4271.794871,4488.717948,4181.025641,4441.025641,4197.948717,4192.307692,4493.846153,4216.923076,4649.743589,3996.923077,4060.000000
253,4375.897435,4514.871794,4531.794871,4273.846153,4491.794871,4183.076923,4443.589743,4201.538461,4202.564102,4494.871794,4212.820512,4653.846153,3993.846154,4057.948717
254,4375.897435,4515.897435,4529.743589,4274.871794,4497.435897,4184.102564,4443.076923,4202.564102,4203.589743,4498.461538,4202.051282,4652.820512,3997.948718,4056.410256
255,4378.461538,4520.000000,4526.666666,4272.307692,4495.384615,4186.153846,4448.205128,4202.564102,4200.512820,4500.512820,4196.923076,4648.717948,4003.589743,4057.435897
