,AF3,F7,F3,FC5,T7,P7,O1,O2,P8,T8,FC6,F4,F8,AF4
0,4334.871794,4491.282051,4514.871794,4275.384615,4442.051282,4147.179487,4490.769230,4186.666666,4221.538461,4236.923076,4095.897435,4585.641025,3943.076924,4002.564102
1,4324.102564,4492.307692,4505.128205,4264.102564,4439.487179,4143.076923,4486.153846,4180.000000,4213.333333,4227.692307,4081.538461,4580.512820,3918.974359,3988.717949
2,4324.615384,4488.205128,4502.564102,4269.743589,4438.461538,4147.179487,4487.692307,4179.487179,4218.974358,4229.743589,4082.051282,4578.461538,3922.051283,3988.717949
3,4337.948717,4491.794871,4514.871794,4284.102564,4443.076923,4154.358974,4497.435897,4190.256410,4229.743589,4244.615384,4104.102564,4584.615384,3941.025642,4006.153846
4,4342.564102,4490.769230,4522.564102,4280.512820,4445.641025,4154.871794,4498.974358,4192.307692,4229.743589,4249.743589,4109.230769,4589.743589,3935.897436,4006.666666
5,4333.846153,4485.128205,4516.410256,4275.384615,4445.128205,4150.769230,4490.769230,4187.179487,4223.076923,4242.564102,4095.384615,4586.153846,3926.153847,3995.897436
6,4331.794871,4489.230769,4511.282051,4278.974358,4444.615384,4149.743589,4489.230769,4186.153846,4221.025641,4237.948717,4098.974358,4582.051282,3936.410257,3999.487180
7,4342.051282,4495.384615,4515.384615,4282.051282,4444.615384,4154.358974,4492.820512,4188.717948,4225.641025,4239.487179,4105.641025,4589.743589,3942.051283,4010.769230
8,4348.717948,4500.512820,4522.564102,4281.538461,4445.128205,4155.384615,4492.307692,4194.358974,4229.743589,4241.538461,4099.487179,4598.974358,3935.384616,4010.256410
9,4339.487179,4500.512820,4524.102564,4275.897435,4440.000000,4147.179487,4490.256410,4198.461538,4231.282051,4242.051282,4105.641025,4594.358974,3931.282052,3999.487180
10,4329.230769,4492.307692,4517.948717,4264.102564,4433.333333,4141.538461,4488.717948,4191.282051,4227.179487,4239.487179,4111.794871,4584.102564,3928.205129,3992.307693
11,4329.230769,4485.641025,4508.717948,4258.974358,4437.435897,4144.615384,4486.666666,4181.025641,4218.461538,4232.820512,4100.512820,4581.025641,3927.692308,3989.743590
12,4331.282051,4484.615384,4509.230769,4267.179487,4443.076923,4148.205128,4487.692307,4182.564102,4216.410256,4230.769230,4093.846153,4584.102564,3931.282052,3988.205129
13,4329.230769,4488.717948,4515.384615,4275.897435,4443.589743,4145.641025,4489.230769,4186.153846,4224.615384,4239.487179,4096.923076,4586.153846,3930.769231,3991.282052
14,4331.282051,4493.333333,4517.948717,4280.000000,4446.666666,4147.179487,4490.769230,4184.615384,4228.717948,4243.076923,4096.410256,4587.179487,3927.692308,3996.410257
15,4337.435897,4499.487179,4516.923076,4281.538461,4446.153846,4151.282051,4492.820512,4187.692307,4225.641025,4237.435897,4104.102564,4591.282051,3931.794872,3997.435898
16,4335.384615,4502.564102,4513.333333,4276.410256,4442.051282,4152.307692,4485.128205,4188.205128,4221.025641,4233.846153,4107.692307,4591.794871,3938.974359,3994.871795
17,4332.307692,4497.948717,4511.794871,4269.743589,4446.153846,4151.282051,4480.512820,4182.564102,4225.128205,4235.897435,4100.000000,4587.692307,3935.384616,3991.282052
18,4337.435897,4495.384615,4513.846153,4268.205128,4449.743589,4152.307692,4486.153846,4189.230769,4236.923076,4242.051282,4105.128205,4587.692307,3930.256411,3993.846154
19,4344.102564,4502.051282,4517.435897,4272.307692,4441.538461,4150.256410,4483.589743,4201.025641,4240.512820,4246.153846,4109.230769,4591.794871,3940.512821,4000.512820
20,4342.051282,4503.076923,4518.974358,4278.974358,4440.000000,4144.615384,4473.846153,4198.461538,4233.846153,4239.487179,4103.589743,4591.282051,3947.179488,3999.487180
21,4335.384615,4492.307692,4517.435897,4285.641025,4450.256410,4143.076923,4471.794871,4186.153846,4226.153846,4229.230769,4100.000000,4585.641025,3932.307693,3990.256411
22,4337.435897,4493.846153,4516.410256,4283.076923,4453.846153,4148.205128,4473.846153,4180.512820,4224.102564,4227.179487,4098.974358,4585.128205,3925.128206,3988.205129
23,4337.435897,4506.666666,4516.923076,4271.794871,4455.384615,4154.358974,4482.564102,4189.743589,4229.743589,4230.256410,4105.128205,4587.692307,3932.820513,3992.820513
24,4326.666666,4501.538461,4513.846153,4268.205128,4460.512820,4154.358974,4490.769230,4195.897435,4231.794871,4228.717948,4108.717948,4581.538461,3930.256411,3986.153847
25,4322.564102,4489.743589,4504.615384,4276.923076,4456.923076,4147.692307,4482.051282,4184.102564,4222.051282,4223.076923,4088.205128,4568.717948,3924.615385,3977.435898
26,4330.256410,4491.794871,4502.564102,4285.128205,4451.794871,4144.102564,4472.820512,4172.820512,4214.358974,4221.025641,4077.435897,4565.641025,3927.692308,3979.487180
27,4335.384615,4503.589743,4509.230769,4284.615384,4458.974358,4150.256410,4481.538461,4180.512820,4217.435897,4228.205128,4094.871794,4575.384615,3929.743590,3989.230770
28,4336.410256,4510.256410,4516.923076,4281.538461,4463.589743,4157.435897,4489.743589,4186.666666,4224.102564,4234.358974,4104.615384,4585.128205,3928.205129,3992.820513
29,4334.871794,4505.641025,4516.923076,4278.461538,4457.435897,4157.435897,4491.282051,4184.615384,4226.666666,4230.769230,4101.025641,4584.102564,3932.820513,3989.230770
30,4328.717948,4496.923076,4507.692307,4275.897435,4458.974358,4152.820512,4491.282051,4182.564102,4220.512820,4223.589743,4093.333333,4577.948717,3935.384616,3986.153847
31,4328.205128,4494.358974,4504.615384,4275.384615,4462.564102,4148.205128,4488.717948,4184.102564,4215.897435,4220.000000,4086.153846,4577.435897,3925.641026,3984.615385
32,4333.846153,4498.461538,4512.307692,4279.487179,4451.794871,4149.743589,4488.205128,4195.897435,4228.205128,4226.153846,4097.435897,4580.512820,3914.358975,3984.102565
33,4336.410256,4502.564102,4517.948717,4274.871794,4443.076923,4152.307692,4491.282051,4202.564102,4235.897435,4235.897435,4107.692307,4581.538461,3921.538462,3985.128206
34,4334.871794,4506.666666,4516.410256,4267.179487,4447.692307,4152.307692,4489.230769,4192.820512,4223.589743,4229.230769,4096.923076,4579.487179,3933.333334,3988.717949
35,4329.743589,4503.076923,4508.717948,4275.897435,4447.692307,4149.230769,4480.000000,4182.564102,4214.871794,4217.435897,4086.153846,4574.358974,3926.666667,3985.641026
36,4324.615384,4493.333333,4504.615384,4285.128205,4443.076923,4147.179487,4473.846153,4177.948717,4215.384615,4222.051282,4087.179487,4566.666666,3914.358975,3977.435898
37,4326.153846,4493.846153,4507.179487,4280.512820,4448.717948,4146.153846,4474.358974,4178.974358,4217.948717,4228.717948,4090.769230,4567.692307,3917.948718,3974.871795
38,4330.769230,4504.102564,4506.666666,4276.410256,4451.794871,4144.615384,4474.871794,4185.128205,4226.153846,4221.538461,4095.897435,4572.307692,3929.230770,3978.461539
39,4328.205128,4507.179487,4506.153846,4267.179487,4444.615384,4143.076923,4472.820512,4187.692307,4227.692307,4213.333333,4096.410256,4570.769230,3927.179488,3982.564103
40,4321.025641,4498.974358,4507.692307,4259.487179,4441.538461,4143.076923,4473.846153,4183.076923,4215.384615,4217.435897,4090.769230,4569.743589,3918.974359,3978.974359
41,4323.076923,4496.923076,4508.717948,4272.307692,4446.666666,4146.153846,4480.000000,4186.666666,4212.820512,4226.153846,4084.102564,4569.230769,3916.923077,3972.820513
42,4330.256410,4500.000000,4509.743589,4281.538461,4449.230769,4150.256410,4481.025641,4191.794871,4223.076923,4229.230769,4084.615384,4569.230769,3921.538462,3978.461539
43,4331.282051,4495.384615,4513.333333,4278.974358,4446.666666,4155.384615,4482.564102,4190.256410,4223.076923,4233.846153,4093.333333,4570.256410,3925.128206,3989.230770
44,4331.282051,4491.282051,4513.333333,4282.051282,4448.205128,4154.358974,4485.128205,4192.307692,4221.538461,4235.384615,4096.410256,4573.846153,3926.666667,3992.820513
45,4331.794871,4497.948717,4512.820512,4276.923076,4454.358974,4150.256410,4481.538461,4195.897435,4225.128205,4224.615384,4096.410256,4577.435897,3932.820513,3997.435898
46,4331.794871,4505.128205,4519.487179,4272.307692,4452.307692,4149.743589,4479.487179,4196.410256,4227.179487,4216.410256,4106.153846,4581.538461,3937.435898,4006.666666
47,4332.307692,4506.153846,4521.025641,4283.076923,4442.564102,4150.769230,4486.666666,4195.384615,4222.564102,4226.666666,4108.717948,4583.076923,3940.000000,4012.307692
48,4331.794871,4504.615384,4515.897435,4285.641025,4443.589743,4154.358974,4492.820512,4196.923076,4218.974358,4240.000000,4094.358974,4583.076923,3948.717949,4017.948717
49,4326.666666,4502.564102,4512.307692,4279.487179,4450.256410,4153.846153,4486.153846,4195.897435,4222.051282,4239.487179,4087.692307,4582.051282,3951.282052,4019.487179
50,4318.974358,4497.948717,4510.769230,4275.384615,4448.205128,4149.743589,4477.435897,4188.205128,4219.487179,4227.692307,4083.589743,4572.820512,3937.435898,4010.256410
51,4315.897435,4493.333333,4506.153846,4264.102564,4443.589743,4145.641025,4478.461538,4186.666666,4211.794871,4217.948717,4071.794871,4568.717948,3928.205129,4005.641025
52,4318.461538,4493.333333,4507.692307,4263.076923,4442.051282,4148.205128,4488.205128,4194.358974,4212.307692,4227.692307,4075.897435,4580.000000,3935.897436,4016.923076
53,4325.641025,4493.846153,4516.410256,4275.897435,4444.615384,4154.358974,4492.820512,4202.051282,4218.461538,4236.410256,4091.282051,4589.230769,3940.000000,4026.666666
54,4326.153846,4493.846153,4518.974358,4280.000000,4447.179487,4154.871794,4489.230769,4202.564102,4221.025641,4226.666666,4093.846153,4582.051282,3935.897436,4023.076923
55,4324.102564,4494.871794,4512.307692,4277.948717,4445.128205,4149.743589,4488.717948,4196.923076,4220.512820,4224.102564,4086.666666,4573.846153,3935.384616,4017.948717
56,4324.102564,4497.948717,4507.692307,4274.871794,4444.102564,4151.282051,4488.205128,4193.846153,4218.461538,4227.692307,4077.435897,4577.435897,3935.384616,4019.487179
57,4326.153846,4500.000000,4510.769230,4272.307692,4449.743589,4157.435897,4489.230769,4195.897435,4212.307692,4217.948717,4067.692307,4580.000000,3936.410257,4019.487179
58,4325.641025,4496.410256,4509.230769,4273.846153,4458.974358,4155.897435,4492.820512,4193.846153,4210.769230,4209.743589,4072.307692,4574.358974,3938.461539,4015.897435
59,4324.615384,4490.769230,4504.615384,4275.384615,4459.487179,4156.923076,4492.307692,4188.205128,4218.974358,4224.615384,4087.692307,4567.692307,3933.846154,4013.333333
60,4329.230769,4499.487179,4511.794871,4276.410256,4454.871794,4163.076923,4492.307692,4193.846153,4226.666666,4240.000000,4096.923076,4574.358974,3932.820513,4015.384615
61,4334.871794,4508.717948,4520.000000,4280.000000,4455.897435,4161.538461,4491.794871,4202.051282,4224.615384,4230.769230,4101.538461,4582.564102,3943.076924,4023.076923
62,4337.435897,4504.102564,4520.512820,4280.000000,4459.487179,4159.487179,4490.256410,4199.487179,4225.128205,4218.974358,4098.974358,4585.128205,3951.282052,4029.743589
63,4341.025641,4498.461538,4522.564102,4280.000000,4455.897435,4162.051282,4491.282051,4201.538461,4234.871794,4233.333333,4096.923076,4592.820512,3955.897436,4029.230769
64,4343.076923,4497.948717,4524.102564,4283.589743,4455.384615,4158.461538,4491.794871,4205.128205,4235.897435,4253.333333,4106.666666,4598.461538,3958.461539,4027.179487
65,4341.025641,4500.512820,4522.564102,4278.974358,4456.923076,4152.307692,4485.641025,4200.512820,4233.846153,4253.846153,4117.948717,4594.871794,3958.461539,4030.769230
66,4337.435897,4506.666666,4521.538461,4271.282051,4449.743589,4154.358974,4483.589743,4198.461538,4234.871794,4244.615384,4113.846153,4588.205128,3960.000000,4031.282051
67,4335.384615,4500.000000,4517.948717,4271.794871,4446.153846,4153.846153,4483.589743,4198.974358,4227.692307,4241.025641,4101.538461,4584.615384,3958.461539,4020.512820
68,4332.820512,4485.641025,4514.358974,4276.410256,4455.384615,4153.846153,4482.051282,4195.384615,4223.076923,4238.974358,4095.897435,4583.076923,3952.820513,4014.871794
69,4334.358974,4492.820512,4520.512820,4278.974358,4462.564102,4157.948717,4486.153846,4192.820512,4227.179487,4235.384615,4095.384615,4582.564102,3948.717949,4018.974358
70,4336.410256,4503.589743,4524.102564,4273.846153,4455.897435,4154.358974,4488.717948,4195.897435,4227.692307,4230.769230,4090.256410,4583.589743,3943.589744,4018.974358
71,4335.897435,4495.897435,4518.461538,4268.205128,4446.666666,4152.820512,4486.666666,4200.512820,4224.615384,4236.410256,4090.769230,4583.589743,3940.512821,4017.435897
72,4336.923076,4489.743589,4520.512820,4266.666666,4446.666666,4155.384615,4487.692307,4202.564102,4225.641025,4250.769230,4098.974358,4584.102564,3941.025642,4017.435897
73,4335.897435,4492.307692,4524.615384,4261.025641,4446.153846,4154.358974,4491.282051,4201.025641,4224.615384,4245.128205,4102.051282,4586.153846,3937.948718,4014.871794
74,4335.897435,4494.358974,4523.589743,4262.564102,4441.025641,4151.794871,4489.230769,4206.153846,4226.666666,4232.307692,4103.076923,4592.307692,3940.512821,4013.333333
75,4340.000000,4495.384615,4525.641025,4274.871794,4440.512820,4152.307692,4488.717948,4213.846153,4232.307692,4239.487179,4101.538461,4595.897435,3954.358975,4017.435897
76,4337.435897,4495.384615,4527.179487,4274.871794,4445.128205,4154.358974,4491.794871,4209.230769,4226.666666,4245.128205,4094.358974,4590.769230,3950.769231,4013.846153
77,4332.820512,4495.897435,4523.076923,4269.230769,4447.179487,4154.871794,4486.153846,4198.974358,4222.051282,4241.538461,4092.820512,4587.179487,3929.230770,4009.743589
78,4337.435897,4498.974358,4521.538461,4275.384615,4447.692307,4154.358974,4477.435897,4200.512820,4227.692307,4243.589743,4101.538461,4589.743589,3930.256411,4014.871794
79,4341.538461,4497.948717,4522.564102,4271.794871,4450.256410,4153.846153,4479.487179,4202.564102,4230.256410,4241.538461,4109.743589,4590.769230,3945.641026,4012.820512
80,4338.974358,4496.923076,4520.000000,4263.589743,4448.205128,4155.897435,4488.205128,4197.435897,4223.589743,4233.846153,4111.794871,4591.794871,3941.538462,4004.102564
81,4342.051282,4506.153846,4528.205128,4280.512820,4446.666666,4154.871794,4490.769230,4200.000000,4226.153846,4244.615384,4102.564102,4598.461538,3938.974359,4010.256410
82,4344.102564,4511.282051,4536.923076,4292.820512,4452.307692,4157.948717,4489.230769,4207.179487,4238.461538,4261.538461,4093.846153,4601.538461,3947.692308,4023.076923
83,4339.487179,4502.564102,4529.743589,4278.461538,4453.333333,4163.589743,4489.230769,4204.102564,4240.512820,4256.923076,4101.538461,4596.923076,3943.589744,4018.461538
84,4340.512820,4500.000000,4529.743589,4278.461538,4450.769230,4162.564102,4490.256410,4200.512820,4236.410256,4249.230769,4106.666666,4595.897435,3937.948718,4012.307692
85,4344.615384,4506.666666,4536.410256,4287.179487,4458.974358,4163.076923,4490.769230,4206.666666,4232.307692,4250.256410,4105.641025,4597.948717,3947.692308,4020.512820
86,4337.435897,4503.076923,4530.256410,4271.282051,4460.000000,4164.102564,4490.769230,4209.230769,4232.820512,4248.717948,4110.769230,4599.487179,3944.102565,4020.512820
87,4329.230769,4498.974358,4517.948717,4260.512820,4449.743589,4157.435897,4488.717948,4203.076923,4234.358974,4244.102564,4101.025641,4597.948717,3929.230770,4008.717948
88,4329.230769,4497.435897,4512.307692,4273.333333,4448.205128,4152.307692,4483.076923,4200.512820,4228.717948,4243.589743,4080.000000,4590.769230,3934.871795,4004.615384
89,4325.641025,4490.769230,4514.358974,4278.974358,4451.794871,4154.871794,4483.076923,4202.051282,4227.179487,4246.666666,4084.102564,4585.641025,3933.333334,4006.153846
90,4326.666666,4493.333333,4517.435897,4278.461538,4445.641025,4155.384615,4485.641025,4202.564102,4233.846153,4246.666666,4103.589743,4589.743589,3919.487180,4007.179487
91,4337.948717,4508.717948,4516.410256,4283.589743,4443.076923,4152.820512,4483.076923,4201.025641,4231.282051,4247.179487,4105.128205,4591.282051,3927.179488,4010.769230
92,4340.512820,4515.384615,4513.333333,4275.897435,4448.205128,4155.384615,4482.564102,4200.000000,4225.641025,4246.666666,4097.948717,4590.769230,3937.435898,4013.846153
93,4339.487179,4516.410256,4518.974358,4272.820512,4452.820512,4160.512820,4487.692307,4199.487179,4231.794871,4245.641025,4102.051282,4596.410256,3931.794872,4016.410256
94,4348.205128,4523.589743,4522.564102,4291.794871,4458.461538,4163.076923,4489.743589,4201.025641,4240.512820,4256.410256,4107.179487,4601.025641,3937.948718,4023.589743
95,4356.410256,4531.794871,4524.102564,4304.102564,4460.512820,4166.153846,4490.256410,4209.230769,4247.179487,4274.871794,4103.589743,4603.589743,3953.333334,4030.256410
96,4352.820512,4531.794871,4526.153846,4296.410256,4456.923076,4167.692307,4494.358974,4213.333333,4252.307692,4275.897435,4107.179487,4607.179487,3945.128206,4027.692307
97,4345.641025,4518.974358,4521.025641,4286.153846,4453.333333,4160.512820,4488.717948,4204.615384,4245.128205,4258.974358,4117.435897,4601.538461,3928.205129,4017.948717
98,4343.589743,4510.256410,4518.461538,4281.538461,4448.205128,4156.410256,4475.384615,4202.051282,4238.461538,4260.000000,4111.282051,4596.410256,3930.256411,4012.307692
99,4347.692307,4520.512820,4522.051282,4281.025641,4448.717948,4165.128205,4475.897435,4214.871794,4246.153846,4274.871794,4104.102564,4603.076923,3947.179488,4019.487179
100,4348.205128,4527.692307,4524.615384,4290.769230,4453.846153,4173.846153,4484.615384,4222.051282,4253.333333,4277.948717,4111.282051,4608.717948,3953.846154,4024.615384
101,4342.564102,4520.000000,4522.564102,4297.948717,4454.871794,4166.666666,4481.538461,4215.384615,4248.205128,4272.820512,4112.307692,4604.102564,3935.897436,4016.923076
102,4340.000000,4518.461538,4521.025641,4292.307692,4454.871794,4161.025641,4478.974358,4207.179487,4242.564102,4271.794871,4110.256410,4601.538461,3925.641026,4009.743589
103,4340.000000,4519.487179,4518.974358,4285.641025,4457.435897,4166.153846,4488.717948,4204.102564,4238.974358,4263.589743,4114.358974,4601.538461,3937.948718,4006.153846
104,4335.384615,4510.256410,4511.794871,4288.717948,4451.282051,4162.564102,4490.769230,4201.025641,4234.358974,4249.230769,4102.564102,4593.333333,3937.435898,4004.102564
105,4332.307692,4503.589743,4503.589743,4287.179487,4445.128205,4159.487179,4486.666666,4201.538461,4234.358974,4246.666666,4091.794871,4584.102564,3921.025642,4004.615384
106,4336.923076,4514.358974,4506.153846,4276.410256,4456.410256,4165.128205,4488.717948,4207.692307,4241.025641,4256.923076,4100.000000,4589.230769,3918.974359,4007.179487
107,4343.076923,4528.205128,4513.846153,4279.487179,4464.102564,4163.076923,4483.076923,4209.743589,4249.230769,4266.153846,4102.564102,4600.000000,3934.358975,4008.205128
108,4341.538461,4523.076923,4512.820512,4292.307692,4450.256410,4156.410256,4474.358974,4204.615384,4248.717948,4263.589743,4097.435897,4598.461538,3940.000000,4007.179487
109,4340.000000,4511.282051,4509.230769,4292.307692,4443.589743,4156.923076,4475.897435,4202.564102,4240.512820,4258.461538,4106.153846,4594.358974,3933.846154,4007.179487
110,4343.589743,4516.410256,4509.743589,4286.153846,4448.717948,4162.564102,4478.974358,4203.076923,4235.897435,4257.435897,4107.179487,4597.948717,3929.743590,4005.641025
111,4341.538461,4529.230769,4507.692307,4294.358974,4446.666666,4162.564102,4476.923076,4199.487179,4232.820512,4260.000000,4096.923076,4595.897435,3924.615385,4001.538461
112,4337.435897,4529.743589,4505.128205,4298.974358,4448.717948,4159.487179,4476.923076,4197.435897,4230.769230,4262.564102,4104.615384,4591.794871,3923.076924,4001.538461
113,4339.487179,4522.564102,4508.205128,4283.589743,4455.384615,4160.000000,4477.948717,4205.641025,4237.948717,4261.538461,4111.794871,4594.871794,3931.282052,4007.179487
114,4343.076923,4515.384615,4511.282051,4281.025641,4448.717948,4160.000000,4477.948717,4213.333333,4247.692307,4265.128205,4105.641025,4600.000000,3940.512821,4009.743589
115,4343.076923,4509.230769,4509.230769,4294.871794,4442.051282,4158.974358,4479.487179,4209.743589,4244.615384,4268.717948,4108.717948,4599.487179,3942.051283,4006.153846
116,4338.974358,4513.333333,4506.666666,4290.256410,4445.128205,4158.974358,4478.461538,4199.487179,4236.923076,4265.128205,4111.282051,4595.384615,3936.410257,4004.615384
117,4337.948717,4518.974358,4506.666666,4278.461538,4445.128205,4157.948717,4475.384615,4198.461538,4236.410256,4260.512820,4100.000000,4592.307692,3929.230770,4005.641025
118,4343.589743,4517.435897,4506.666666,4287.179487,4448.205128,4157.948717,4473.846153,4202.051282,4237.948717,4257.435897,4098.974358,4595.384615,3923.589744,4006.666666
119,4350.256410,4516.410256,4510.256410,4289.743589,4457.948717,4162.564102,4473.333333,4200.000000,4240.512820,4260.000000,4104.615384,4601.538461,3931.794872,4008.205128
120,4353.333333,4520.000000,4517.435897,4280.512820,4460.512820,4167.179487,4474.358974,4202.051282,4250.256410,4269.230769,4101.025641,4605.128205,3949.230770,4012.307692
121,4349.743589,4521.538461,4516.410256,4286.666666,4457.435897,4166.153846,4476.410256,4207.692307,4251.794871,4267.179487,4108.205128,4604.102564,3950.769231,4012.307692
122,4338.461538,4517.948717,4505.641025,4297.435897,4448.717948,4161.025641,4474.358974,4200.512820,4236.410256,4258.974358,4123.076923,4600.000000,3933.333334,4003.076923
123,4335.897435,4517.435897,4500.512820,4297.435897,4444.102564,4156.410256,4472.820512,4191.282051,4234.358974,4271.282051,4118.974358,4596.923076,3928.205129,4001.538461
124,4341.025641,4520.512820,4506.153846,4295.897435,4453.846153,4161.025641,4475.897435,4195.897435,4244.615384,4281.538461,4104.615384,4590.769230,3935.897436,4005.128205
125,4336.923076,4520.000000,4505.641025,4290.769230,4462.051282,4169.230769,4479.487179,4201.025641,4243.076923,4272.307692,4101.025641,4586.153846,3935.897436,4001.538461
126,4333.846153,4520.000000,4495.897435,4278.461538,4459.487179,4167.179487,4482.051282,4197.948717,4242.051282,4273.333333,4104.102564,4588.205128,3938.461539,4002.051282
127,4337.435897,4520.512820,4495.897435,4278.974358,4453.333333,4162.051282,4480.000000,4198.974358,4251.794871,4286.666666,4104.102564,4591.794871,3946.153847,4005.641025
128,4337.948717,4514.871794,4502.051282,4289.230769,4445.128205,4161.538461,4476.410256,4203.589743,4254.358974,4288.205128,4109.743589,4593.846153,3946.666667,4001.025641
129,4336.410256,4508.717948,4502.051282,4294.871794,4440.512820,4161.025641,4476.410256,4201.025641,4244.615384,4275.384615,4114.358974,4595.384615,3945.641026,3997.948718
130,4335.897435,4508.205128,4501.538461,4290.769230,4442.564102,4158.461538,4476.923076,4195.897435,4240.512820,4266.666666,4111.282051,4591.282051,3943.076924,3999.487180
131,4333.846153,4508.205128,4499.487179,4278.974358,4443.589743,4153.846153,4475.384615,4194.871794,4245.128205,4272.820512,4096.923076,4586.666666,3928.205129,3992.820513
132,4332.307692,4512.820512,4493.846153,4277.948717,4444.102564,4152.820512,4475.384615,4191.282051,4238.461538,4269.743589,4082.051282,4586.666666,3914.358975,3984.615385
133,4336.410256,4518.974358,4495.384615,4292.307692,4447.179487,4154.358974,4475.897435,4185.128205,4225.641025,4258.974358,4092.307692,4585.128205,3923.589744,3986.153847
134,4338.974358,4518.974358,4503.076923,4301.538461,4445.641025,4154.358974,4468.717948,4183.589743,4226.666666,4266.153846,4116.923076,4586.153846,3935.384616,3989.743590
135,4340.512820,4521.025641,4505.641025,4300.512820,4444.102564,4155.897435,4463.589743,4187.692307,4240.000000,4276.923076,4121.538461,4588.205128,3931.282052,3991.794872
136,4341.538461,4524.102564,4502.564102,4300.512820,4451.794871,4157.435897,4468.717948,4188.717948,4238.461538,4271.282051,4114.358974,4584.615384,3929.230770,3991.794872
137,4340.000000,4519.487179,4496.410256,4291.794871,4451.794871,4152.820512,4466.666666,4182.564102,4224.615384,4264.102564,4103.589743,4584.102564,3931.282052,3988.205129
138,4336.410256,4514.358974,4488.717948,4278.461538,4438.974358,4148.205128,4458.461538,4177.435897,4218.461538,4258.974358,4084.615384,4584.102564,3923.076924,3986.153847
139,4335.384615,4514.358974,4490.769230,4285.128205,4436.923076,4150.256410,4458.974358,4178.974358,4218.974358,4251.794871,4092.307692,4585.128205,3921.538462,3988.205129
140,4341.538461,4522.051282,4497.435897,4299.487179,4445.128205,4152.820512,4466.153846,4182.051282,4225.641025,4261.025641,4126.153846,4592.307692,3937.948718,3995.897436
141,4351.794871,4533.333333,4502.564102,4308.205128,4444.615384,4156.410256,4470.256410,4186.666666,4237.948717,4283.589743,4131.282051,4600.000000,3948.717949,4005.641025
142,4358.461538,4540.512820,4507.692307,4312.820512,4443.076923,4161.025641,4474.358974,4193.333333,4246.666666,4295.897435,4122.564102,4602.564102,3952.820513,4011.794871
143,4352.307692,4537.435897,4503.076923,4306.153846,4446.153846,4162.051282,4476.410256,4197.435897,4242.564102,4290.769230,4122.051282,4602.564102,3954.358975,4008.205128
144,4341.538461,4525.641025,4492.307692,4290.769230,4444.615384,4160.512820,4475.897435,4196.923076,4231.794871,4280.000000,4109.743589,4594.358974,3943.589744,3999.487180
145,4338.461538,4517.948717,4488.205128,4288.205128,4443.076923,4157.948717,4476.923076,4190.256410,4229.743589,4272.307692,4105.128205,4585.641025,3937.948718,3998.974359
146,4342.051282,4523.589743,4491.794871,4298.461538,4443.589743,4157.948717,4475.897435,4188.717948,4233.846153,4270.256410,4121.538461,4592.307692,3946.153847,4007.692307
147,4347.179487,4533.333333,4494.358974,4300.512820,4445.128205,4164.102564,4476.923076,4197.948717,4235.897435,4279.487179,4126.153846,4600.000000,3951.282052,4016.923076
148,4344.102564,4532.307692,4491.794871,4293.846153,4447.692307,4163.076923,4477.435897,4195.384615,4229.230769,4287.179487,4110.769230,4594.358974,3957.435898,4016.923076
149,4336.410256,4523.589743,4488.717948,4291.794871,4446.153846,4157.435897,4475.384615,4182.051282,4215.384615,4275.897435,4094.358974,4588.205128,3969.743590,4018.974358
150,4336.410256,4517.435897,4488.205128,4287.692307,4443.589743,4158.974358,4475.384615,4182.051282,4211.794871,4268.717948,4088.717948,4589.743589,3966.153847,4025.641025
151,4340.512820,4520.000000,4490.256410,4280.000000,4445.641025,4161.025641,4475.384615,4189.743589,4219.487179,4278.461538,4094.871794,4589.230769,3950.256411,4026.666666
152,4340.000000,4524.615384,4490.769230,4286.666666,4444.102564,4157.435897,4472.307692,4190.256410,4216.410256,4275.897435,4100.000000,4587.179487,3948.205129,4024.615384
153,4341.025641,4527.692307,4490.256410,4301.538461,4441.025641,4158.974358,4470.769230,4189.230769,4206.153846,4264.102564,4103.589743,4593.846153,3951.794872,4027.692307
154,4341.538461,4534.358974,4489.743589,4296.410256,4443.076923,4158.461538,4472.307692,4190.256410,4209.743589,4268.205128,4107.179487,4597.948717,3951.282052,4028.717948
155,4338.974358,4533.333333,4491.794871,4284.615384,4444.615384,4152.820512,4473.333333,4194.871794,4217.948717,4279.487179,4095.897435,4592.307692,3956.923077,4030.256410
156,4343.589743,4529.743589,4500.000000,4290.769230,4445.641025,4159.487179,4473.846153,4201.538461,4221.538461,4283.589743,4088.717948,4594.871794,3965.128206,4037.435897
157,4346.153846,4531.282051,4507.179487,4303.076923,4445.641025,4165.128205,4474.871794,4198.974358,4222.051282,4281.025641,4099.487179,4605.641025,3960.512821,4035.897435
158,4343.589743,4530.769230,4505.641025,4301.538461,4444.615384,4159.487179,4476.410256,4188.717948,4217.435897,4278.974358,4110.256410,4603.589743,3954.358975,4032.307692
159,4346.666666,4530.256410,4503.076923,4295.384615,4451.794871,4161.538461,4476.410256,4186.666666,4218.461538,4285.641025,4113.333333,4597.435897,3964.615385,4037.948717
160,4347.179487,4529.743589,4505.641025,4292.820512,4456.923076,4167.692307,4476.923076,4191.794871,4224.102564,4291.794871,4114.358974,4601.538461,3971.794872,4038.974358
161,4346.666666,4529.743589,4508.717948,4290.256410,4452.820512,4163.589743,4482.051282,4196.923076,4225.641025,4285.641025,4117.435897,4604.102564,3965.641026,4034.358974
162,4351.794871,4530.769230,4508.205128,4289.743589,4454.358974,4161.025641,4481.025641,4197.948717,4223.076923,4282.051282,4115.384615,4600.512820,3960.512821,4033.333333
163,4351.794871,4530.769230,4507.692307,4298.974358,4462.051282,4165.641025,4477.948717,4195.384615,4223.589743,4289.743589,4105.128205,4596.923076,3961.025642,4036.410256
164,4344.615384,4528.205128,4507.179487,4306.153846,4460.512820,4165.128205,4476.923076,4192.307692,4224.102564,4291.794871,4106.666666,4597.948717,3962.564103,4034.871794
165,4346.153846,4528.717948,4506.153846,4297.435897,4452.307692,4162.051282,4476.410256,4188.205128,4219.487179,4286.666666,4118.461538,4601.025641,3961.025642,4031.282051
166,4352.307692,4534.358974,4505.128205,4291.794871,4451.282051,4165.641025,4484.102564,4188.205128,4222.564102,4291.794871,4112.820512,4601.025641,3962.051283,4032.820512
167,4353.333333,4535.384615,4508.205128,4298.461538,4453.333333,4167.692307,4489.230769,4189.230769,4229.230769,4297.948717,4098.974358,4600.512820,3966.153847,4036.923076
168,4351.794871,4534.358974,4509.743589,4293.846153,4453.846153,4163.076923,4480.000000,4187.692307,4223.589743,4288.205128,4102.051282,4600.000000,3960.000000,4033.846153
169,4347.692307,4532.820512,4507.179487,4290.256410,4454.358974,4160.512820,4472.820512,4186.153846,4217.948717,4280.512820,4113.333333,4601.538461,3949.743590,4030.769230
170,4349.230769,4531.794871,4508.717948,4302.051282,4453.333333,4166.153846,4478.461538,4190.256410,4226.666666,4291.794871,4117.948717,4606.666666,3961.025642,4040.512820
171,4353.846153,4531.794871,4512.307692,4305.641025,4449.743589,4168.717948,4481.025641,4194.871794,4234.871794,4302.564102,4110.769230,4610.256410,3974.358975,4043.589743
172,4349.230769,4527.179487,4505.641025,4293.333333,4447.179487,4161.538461,4475.897435,4192.820512,4227.692307,4297.948717,4100.512820,4602.051282,3963.076924,4027.692307
173,4339.487179,4522.564102,4500.000000,4286.666666,4447.692307,4157.435897,4474.871794,4187.692307,4220.000000,4289.743589,4098.974358,4593.333333,3951.282052,4016.410256
174,4333.846153,4518.974358,4497.948717,4283.589743,4442.564102,4154.871794,4474.358974,4184.615384,4215.897435,4283.589743,4097.948717,4595.384615,3947.179488,4016.410256
175,4336.410256,4519.487179,4493.846153,4274.871794,4443.076923,4152.820512,4474.871794,4190.769230,4216.923076,4281.538461,4101.538461,4598.974358,3937.948718,4016.923076
176,4342.051282,4522.051282,4496.923076,4277.948717,4455.384615,4154.358974,4481.538461,4201.538461,4225.641025,4287.179487,4107.692307,4602.051282,3942.051283,4018.461538
177,4346.153846,4525.128205,4505.641025,4292.307692,4461.538461,4162.051282,4489.743589,4203.589743,4229.743589,4291.794871,4098.461538,4604.102564,3956.410257,4023.076923
178,4348.717948,4532.307692,4507.179487,4300.000000,4454.358974,4167.179487,4492.307692,4198.461538,4225.641025,4289.743589,4094.871794,4607.179487,3955.384616,4022.564102
179,4348.717948,4533.846153,4505.128205,4297.435897,4448.717948,4163.076923,4490.256410,4195.897435,4220.512820,4290.256410,4114.358974,4607.179487,3948.717949,4021.538461
180,4345.128205,4526.153846,4506.153846,4297.948717,4446.153846,4160.512820,4489.743589,4196.410256,4225.128205,4302.051282,4121.538461,4603.076923,3952.307693,4023.076923
181,4346.153846,4522.564102,4508.205128,4293.846153,4443.076923,4166.666666,4493.846153,4201.538461,4235.384615,4309.230769,4111.282051,4607.179487,3956.923077,4023.076923
182,4350.769230,4526.666666,4507.692307,4285.641025,4450.256410,4169.230769,4502.051282,4204.102564,4234.358974,4296.923076,4104.102564,4616.410256,3955.384616,4023.076923
183,4351.794871,4532.820512,4510.769230,4296.410256,4456.410256,4167.179487,4506.153846,4203.589743,4227.179487,4286.153846,4103.076923,4613.333333,3949.230770,4024.102564
184,4348.717948,4532.820512,4514.358974,4309.230769,4450.769230,4169.743589,4503.589743,4203.076923,4229.743589,4294.871794,4111.282051,4602.051282,3948.205129,4022.051282
185,4342.564102,4525.641025,4510.769230,4301.538461,4447.179487,4171.794871,4504.615384,4202.051282,4232.307692,4302.564102,4114.358974,4597.948717,3951.282052,4017.435897
186,4340.000000,4521.025641,4504.615384,4288.717948,4447.179487,4167.692307,4507.179487,4197.948717,4227.692307,4297.435897,4093.846153,4598.974358,3949.230770,4011.794871
187,4341.025641,4518.461538,4502.051282,4279.487179,4445.641025,4161.538461,4498.461538,4191.794871,4217.948717,4289.230769,4082.051282,4596.410256,3943.589744,4010.256410
188,4338.974358,4518.974358,4503.589743,4278.974358,4442.564102,4162.564102,4490.256410,4191.282051,4215.897435,4287.179487,4098.974358,4596.923076,3942.051283,4012.307692
189,4337.948717,4526.666666,4505.641025,4293.846153,4444.102564,4168.717948,4497.435897,4198.974358,4227.179487,4300.000000,4112.820512,4604.102564,3945.128206,4011.794871
190,4341.025641,4526.153846,4507.179487,4303.589743,4450.256410,4168.717948,4507.179487,4203.076923,4237.435897,4313.333333,4116.410256,4608.717948,3951.282052,4012.307692
191,4342.051282,4520.000000,4510.769230,4295.384615,4454.871794,4167.692307,4506.153846,4202.051282,4237.435897,4308.205128,4122.051282,4607.179487,3954.871795,4020.000000
192,4342.051282,4523.589743,4514.871794,4292.820512,4452.307692,4171.794871,4506.153846,4203.076923,4234.871794,4304.102564,4113.846153,4608.205128,3953.846154,4024.102564
193,4343.076923,4527.179487,4516.923076,4295.384615,4455.384615,4171.282051,4509.743589,4201.538461,4233.333333,4306.666666,4100.512820,4608.717948,3951.794872,4020.512820
194,4341.538461,4517.948717,4518.974358,4295.384615,4462.051282,4168.717948,4510.769230,4200.512820,4231.282051,4299.487179,4104.615384,4606.153846,3952.820513,4015.384615
195,4340.512820,4508.205128,4520.000000,4294.358974,4455.384615,4168.205128,4508.717948,4206.666666,4237.948717,4292.307692,4117.435897,4605.128205,3954.871795,4015.384615
196,4341.025641,4512.820512,4516.923076,4294.871794,4444.615384,4167.692307,4507.179487,4209.230769,4241.538461,4298.461538,4118.974358,4607.179487,3950.256411,4015.897435
197,4344.615384,4526.666666,4518.461538,4301.538461,4446.666666,4167.179487,4515.384615,4206.153846,4240.000000,4309.230769,4113.846153,4609.230769,3943.076924,4015.897435
198,4348.205128,4532.820512,4524.615384,4305.128205,4452.307692,4168.717948,4522.051282,4202.564102,4240.512820,4315.897435,4114.871794,4612.307692,3950.256411,4024.102564
199,4348.205128,4528.717948,4525.128205,4300.000000,4458.974358,4168.717948,4513.846153,4200.512820,4231.794871,4308.717948,4118.974358,4612.307692,3962.051283,4028.717948
200,4343.076923,4523.589743,4516.923076,4293.846153,4461.025641,4167.692307,4504.615384,4195.897435,4219.487179,4283.589743,4110.769230,4603.076923,3952.820513,4011.282051
201,4332.820512,4514.358974,4504.615384,4287.179487,4453.846153,4161.025641,4503.589743,4187.179487,4216.410256,4271.282051,4096.410256,4592.820512,3930.769231,3996.410257
202,4326.153846,4509.230769,4501.025641,4283.076923,4444.615384,4156.923076,4503.076923,4189.230769,4217.948717,4283.076923,4097.435897,4590.769230,3924.102565,4003.076923
203,4324.102564,4510.769230,4505.128205,4287.179487,4443.589743,4162.051282,4500.512820,4196.410256,4216.923076,4288.717948,4104.102564,4591.794871,3926.666667,4007.179487
204,4322.564102,4506.666666,4501.025641,4283.589743,4452.820512,4162.051282,4494.871794,4189.230769,4215.384615,4282.564102,4100.000000,4585.641025,3929.230770,3999.487180
205,4331.794871,4505.641025,4498.974358,4276.923076,4458.461538,4160.512820,4488.205128,4183.076923,4224.615384,4292.820512,4100.000000,4586.153846,3941.025642,4005.128205
206,4348.717948,4521.025641,4513.333333,4296.410256,4457.948717,4168.205128,4494.871794,4197.948717,4240.512820,4312.820512,4104.102564,4601.025641,3953.333334,4018.974358
207,4350.769230,4533.333333,4525.128205,4314.358974,4460.000000,4176.923076,4507.692307,4211.282051,4246.153846,4315.384615,4110.256410,4607.692307,3948.717949,4017.435897
208,4339.487179,4526.153846,4516.923076,4299.487179,4464.102564,4176.410256,4504.102564,4206.153846,4235.384615,4307.179487,4118.974358,4598.974358,3938.461539,4008.205128
209,4334.358974,4512.307692,4507.692307,4286.666666,4457.948717,4169.743589,4491.794871,4194.871794,4219.487179,4295.897435,4111.282051,4589.230769,3936.923077,4002.564102
210,4335.897435,4510.769230,4504.615384,4286.153846,4450.769230,4166.153846,4489.743589,4191.282051,4211.282051,4290.256410,4094.871794,4584.615384,3937.435898,4000.000000
211,4334.871794,4516.923076,4499.487179,4278.461538,4454.358974,4165.641025,4494.871794,4192.307692,4213.846153,4298.974358,4096.410256,4585.128205,3938.461539,3998.461539
212,4325.641025,4506.666666,4493.333333,4276.923076,4452.307692,4161.538461,4492.307692,4187.692307,4220.512820,4305.128205,4100.512820,4584.102564,3943.589744,3995.897436
213,4325.128205,4493.846153,4496.410256,4283.589743,4442.051282,4156.410256,4487.692307,4185.128205,4224.102564,4298.974358,4098.974358,4584.102564,3947.692308,3997.435898
214,4333.846153,4500.512820,4504.102564,4278.461538,4443.076923,4156.410256,4489.743589,4192.820512,4225.641025,4304.615384,4104.615384,4586.153846,3948.717949,4001.025641
215,4331.282051,4509.743589,4504.102564,4273.333333,4448.205128,4158.974358,4490.769230,4193.846153,4228.717948,4321.538461,4110.256410,4588.205128,3948.717949,4000.000000
216,4324.102564,4506.666666,4497.435897,4276.923076,4444.102564,4162.051282,4488.717948,4185.641025,4226.153846,4320.512820,4106.153846,4585.641025,3946.666667,3995.384616
217,4326.153846,4503.589743,4493.846153,4274.358974,4443.076923,4161.538461,4487.179487,4184.102564,4215.897435,4302.051282,4097.435897,4581.538461,3938.461539,3993.846154
218,4323.076923,4500.512820,4489.743589,4272.820512,4447.692307,4155.897435,4487.692307,4185.128205,4205.641025,4288.205128,4088.205128,4577.435897,3930.256411,3987.692308
219,4311.794871,4488.717948,4480.512820,4272.820512,4444.102564,4151.794871,4488.205128,4181.025641,4200.512820,4283.076923,4082.051282,4571.794871,3924.615385,3973.333334
220,4312.820512,4492.307692,4480.512820,4271.282051,4437.435897,4154.358974,4490.256410,4182.051282,4206.666666,4283.589743,4085.128205,4568.717948,3915.897436,3973.846154
221,4322.564102,4503.589743,4488.717948,4266.153846,4438.461538,4158.461538,4491.282051,4192.820512,4217.435897,4293.333333,4093.333333,4569.230769,3913.846154,3983.589744
222,4326.666666,4501.538461,4491.282051,4262.564102,4444.615384,4162.564102,4493.846153,4201.538461,4224.615384,4309.743589,4095.384615,4577.435897,3930.256411,3985.128206
223,4327.179487,4498.974358,4492.820512,4273.333333,4449.230769,4166.666666,4500.000000,4203.076923,4225.641025,4312.820512,4089.230769,4584.615384,3949.230770,3983.589744
224,4329.230769,4503.589743,4495.384615,4283.589743,4449.743589,4165.641025,4499.487179,4201.538461,4226.666666,4302.051282,4097.435897,4580.512820,3946.666667,3986.666667
225,4327.692307,4497.948717,4492.307692,4274.871794,4445.128205,4160.000000,4492.820512,4195.384615,4224.615384,4298.974358,4109.230769,4577.435897,3931.282052,3986.153847
226,4321.025641,4487.179487,4488.205128,4265.128205,4441.025641,4154.358974,4488.717948,4185.641025,4213.846153,4295.897435,4095.384615,4578.974358,3924.615385,3977.948718
227,4321.538461,4490.256410,4493.333333,4270.256410,4442.564102,4152.820512,4494.871794,4182.564102,4211.794871,4288.717948,4087.179487,4580.512820,3932.820513,3976.410257
228,4325.128205,4493.333333,4497.435897,4266.666666,4443.589743,4157.435897,4502.564102,4189.230769,4217.435897,4288.717948,4100.000000,4580.512820,3940.000000,3980.512821
229,4326.153846,4490.256410,4501.538461,4258.974358,4441.025641,4162.051282,4505.128205,4195.897435,4215.897435,4287.692307,4106.666666,4584.615384,3933.846154,3979.487180
230,4327.692307,4493.333333,4503.076923,4267.179487,4442.051282,4158.461538,4506.153846,4195.384615,4209.230769,4286.666666,4108.717948,4587.179487,3928.205129,3980.000000
231,4327.179487,4492.820512,4495.384615,4272.820512,4441.025641,4150.769230,4501.538461,4188.205128,4206.153846,4288.717948,4106.153846,4578.974358,3922.051283,3980.512821
232,4324.615384,4489.743589,4492.307692,4269.743589,4433.333333,4150.769230,4498.974358,4183.589743,4213.846153,4286.153846,4093.846153,4575.384615,3920.512821,3979.487180
233,4328.717948,4493.333333,4498.974358,4271.282051,4434.871794,4155.384615,4504.102564,4191.794871,4221.025641,4286.666666,4093.846153,4581.538461,3935.897436,3983.076924
234,4331.794871,4497.948717,4498.461538,4268.717948,4448.205128,4157.435897,4508.717948,4195.897435,4216.923076,4289.230769,4106.153846,4582.564102,3944.615385,3985.641026
235,4320.000000,4492.307692,4488.205128,4252.820512,4447.692307,4155.384615,4504.102564,4187.179487,4206.666666,4278.974358,4099.487179,4570.769230,3927.692308,3976.923077
236,4314.871794,4485.641025,4485.128205,4251.282051,4439.487179,4151.282051,4501.025641,4184.615384,4207.179487,4268.205128,4086.153846,4565.641025,3913.846154,3968.717949
237,4323.589743,4489.230769,4496.410256,4271.282051,4441.538461,4151.794871,4505.641025,4195.897435,4222.564102,4268.717948,4103.589743,4579.487179,3923.589744,3978.974359
238,4330.256410,4497.948717,4503.076923,4284.615384,4444.615384,4160.000000,4506.666666,4208.205128,4232.820512,4268.717948,4127.179487,4593.333333,3939.487180,3992.307693
239,4330.769230,4499.487179,4498.461538,4276.410256,4448.205128,4161.538461,4505.128205,4209.743589,4229.743589,4268.205128,4124.102564,4592.307692,3948.205129,3992.307693
240,4334.358974,4498.974358,4495.384615,4267.179487,4456.410256,4160.000000,4504.615384,4210.769230,4230.256410,4270.256410,4114.871794,4587.179487,3947.179488,3987.692308
241,4337.948717,4506.666666,4500.512820,4271.794871,4457.435897,4163.076923,4507.179487,4215.384615,4238.974358,4268.717948,4122.051282,4586.153846,3942.051283,3988.205129
242,4328.717948,4499.487179,4496.923076,4272.820512,4448.717948,4160.512820,4504.615384,4213.333333,4232.820512,4262.564102,4120.512820,4579.487179,3942.051283,3985.128206
243,4320.512820,4485.641025,4486.666666,4268.205128,4443.076923,4154.358974,4498.461538,4204.615384,4224.615384,4253.333333,4109.230769,4573.846153,3946.666667,3977.948718
244,4326.153846,4492.307692,4490.769230,4272.307692,4442.051282,4155.897435,4495.897435,4200.000000,4228.205128,4245.128205,4112.307692,4583.076923,3945.641026,3981.025642
245,4333.333333,4501.538461,4503.589743,4274.358974,4442.051282,4158.461538,4492.820512,4201.538461,4224.102564,4243.076923,4112.820512,4589.230769,3939.487180,3989.743590
246,4334.871794,4500.512820,4505.128205,4261.025641,4448.205128,4155.384615,4489.230769,4199.487179,4222.564102,4242.564102,4104.102564,4586.666666,3943.076924,3995.897436
247,4332.820512,4498.461538,4497.435897,4263.076923,4456.923076,4154.358974,4489.743589,4194.871794,4229.230769,4236.923076,4110.256410,4585.641025,3955.897436,3997.948718
248,4331.282051,4498.974358,4496.410256,4282.564102,4453.846153,4154.871794,4491.794871,4189.743589,4227.179487,4235.384615,4123.589743,4587.179487,3965.128206,4002.564102
249,4331.794871,4498.461538,4498.974358,4283.589743,4444.102564,4152.307692,4490.769230,4184.102564,4216.923076,4240.000000,4115.384615,4585.128205,3958.461539,4008.205128
250,4329.743589,4496.410256,4493.333333,4269.743589,4443.589743,4152.820512,4489.743589,4185.128205,4210.769230,4240.512820,4093.846153,4581.025641,3944.102565,4006.666666
251,4325.128205,4493.333333,4489.230769,4261.025641,4444.615384,4153.333333,4489.743589,4192.307692,4214.358974,4233.333333,4088.717948,4579.487179,3947.179488,4003.589743
252,4328.205128,4496.923076,4493.846153,4261.538461,4441.025641,4152.307692,4490.769230,4198.974358,4221.538461,4230.769230,4094.871794,4583.076923,3964.615385,4013.846153
253,4329.743589,4500.000000,4495.384615,4269.743589,4442.564102,4153.333333,4490.256410,4201.538461,4228.205128,4240.512820,4097.435897,4585.641025,3968.717949,4027.692307
254,4324.102564,4495.384615,4491.794871,4274.871794,4443.589743,4152.307692,4489.743589,4197.948717,4228.205128,4246.153846,4101.538461,4583.589743,3962.051283,4025.641025
255,4329.230769,4502.051282,4498.461538,4270.769230,4442.564102,4150.769230,4491.282051,4192.820512,4225.128205,4236.923076,4105.128205,4584.102564,3958.974359,4025.128205
256,4338.974358,4511.794871,4506.153846,4264.102564,4449.743589,4157.435897,4490.256410,4191.794871,4227.179487,4239.487179,4098.461538,4590.256410,3967.179488,4033.846153
257,4340.512820,4510.769230,4510.256410,4265.641025,4457.948717,4164.102564,4491.794871,4198.461538,4240.000000,4256.410256,4102.564102,4600.000000,3986.153847,4041.025641
258,4341.538461,4509.743589,4518.974358,4280.000000,4457.435897,4162.564102,4500.512820,4210.256410,4246.666666,4259.487179,4123.076923,4605.641025,3992.820513,4044.615384
259,4344.102564,4509.743589,4522.564102,4293.333333,4458.461538,4165.641025,4508.205128,4217.435897,4241.025641,4261.025641,4134.358974,4601.025641,3978.461539,4048.717948
