,AF3,F7,F3,FC5,T7,P7,O1,O2,P8,T8,FC6,F4,F8,AF4
0,4389.230769,4447.179487,4546.666666,4263.076923,4453.846153,4204.102564,4443.589743,4221.025641,4220.000000,4484.615384,4206.153846,4641.025641,4003.589743,4067.692307
1,4389.230769,4445.641025,4546.153846,4285.641025,4457.948717,4209.230769,4443.589743,4222.564102,4231.282051,4493.846153,4197.435897,4643.589743,4010.256410,4068.717948
2,4392.820512,4446.153846,4550.256410,4283.589743,4460.512820,4217.435897,4445.128205,4223.589743,4238.461538,4502.564102,4197.948717,4645.641025,4014.871794,4074.358974
3,4397.948717,4445.128205,4551.282051,4280.512820,4465.641025,4217.948717,4448.717948,4227.179487,4239.487179,4493.333333,4206.153846,4644.102564,4009.743589,4081.538461
4,4394.871794,4444.102564,4548.717948,4285.128205,4468.205128,4213.846153,4447.692307,4227.692307,4236.923076,4486.666666,4213.846153,4641.025641,4006.666666,4074.358974
5,4389.743589,4446.666666,4547.179487,4272.820512,4464.102564,4215.897435,4446.153846,4228.205128,4234.871794,4498.974358,4214.358974,4641.025641,4010.256410,4062.564102
6,4389.230769,4442.564102,4548.717948,4269.743589,4460.000000,4216.410256,4447.692307,4230.256410,4242.564102,4505.128205,4208.205128,4641.025641,4011.794871,4069.230769
7,4385.641025,4431.282051,4547.179487,4279.487179,4457.435897,4208.205128,4444.102564,4225.128205,4243.589743,4499.487179,4197.948717,4634.871794,4010.256410,4075.384615
8,4379.487179,4428.717948,4544.102564,4270.769230,4453.846153,4200.512820,4436.410256,4215.384615,4228.717948,4492.307692,4194.358974,4632.307692,4007.179487,4064.615384
9,4383.076923,4437.435897,4545.641025,4268.717948,4450.256410,4198.461538,4436.410256,4213.333333,4223.589743,4488.717948,4201.025641,4642.051282,4003.076923,4060.512820
10,4391.282051,4445.641025,4547.179487,4279.487179,4450.256410,4200.000000,4438.974358,4217.435897,4234.871794,4494.871794,4208.205128,4646.666666,4009.230769,4070.769230
11,4393.333333,4446.153846,4546.666666,4271.282051,4454.358974,4206.153846,4437.948717,4222.564102,4242.564102,4501.025641,4211.282051,4639.487179,4016.923076,4075.897435
12,4390.256410,4441.538461,4550.769230,4261.538461,4455.897435,4206.666666,4441.025641,4228.205128,4240.000000,4500.512820,4207.692307,4641.538461,4014.871794,4071.282051
13,4389.743589,4439.487179,4552.820512,4273.333333,4453.846153,4204.615384,4444.615384,4230.769230,4237.948717,4498.461538,4206.153846,4648.205128,4009.230769,4068.717948
14,4386.666666,4438.974358,4547.692307,4279.487179,4458.461538,4210.769230,4443.076923,4227.179487,4239.487179,4491.282051,4213.333333,4646.666666,4003.589743,4069.230769
15,4383.589743,4438.974358,4544.102564,4275.897435,4461.025641,4211.794871,4442.564102,4226.153846,4240.512820,4487.179487,4213.846153,4640.512820,4003.589743,4070.256410
16,4388.205128,4442.051282,4547.692307,4279.487179,4455.384615,4201.538461,4444.102564,4227.692307,4242.051282,4498.974358,4200.512820,4640.512820,4014.871794,4070.769230
17,4389.230769,4436.923076,4547.692307,4277.948717,4451.794871,4196.923076,4435.384615,4222.564102,4235.897435,4500.512820,4196.923076,4640.512820,4018.461538,4065.128205
18,4386.153846,4433.333333,4545.641025,4270.769230,4452.307692,4202.051282,4431.282051,4218.974358,4225.641025,4489.230769,4205.128205,4638.461538,4013.846153,4061.538461
19,4391.282051,4445.128205,4553.333333,4278.461538,4455.384615,4207.179487,4440.512820,4228.717948,4228.205128,4492.820512,4213.846153,4643.076923,4017.435897,4069.743589
20,4395.897435,4453.846153,4559.487179,4284.102564,4461.538461,4206.666666,4447.179487,4233.333333,4240.512820,4495.384615,4216.923076,4645.641025,4016.923076,4075.384615
21,4389.743589,4445.128205,4553.846153,4272.307692,4460.512820,4206.666666,4443.076923,4226.666666,4242.051282,4487.179487,4208.717948,4640.000000,4007.179487,4071.282051
22,4388.717948,4437.435897,4549.230769,4271.282051,4457.435897,4208.205128,4441.538461,4221.025641,4235.384615,4495.384615,4203.076923,4636.923076,4008.205128,4072.307692
23,4391.794871,4438.974358,4552.307692,4281.025641,4463.076923,4211.794871,4445.128205,4223.076923,4236.410256,4504.102564,4204.102564,4638.974358,4012.307692,4075.897435
24,4387.692307,4443.589743,4551.282051,4272.820512,4467.179487,4212.820512,4444.615384,4224.102564,4238.461538,4491.794871,4201.025641,4637.948717,4010.769230,4067.179487
25,4387.692307,4446.153846,4548.717948,4260.512820,4465.128205,4211.282051,4442.051282,4224.615384,4236.923076,4488.205128,4200.000000,4637.435897,4013.846153,4063.076923
26,4384.102564,4437.948717,4547.692307,4261.025641,4463.589743,4210.256410,4442.564102,4224.102564,4233.846153,4495.384615,4205.128205,4638.974358,4006.666666,4065.128205
27,4377.435897,4433.846153,4544.102564,4269.230769,4462.564102,4206.666666,4444.102564,4220.512820,4229.743589,4485.641025,4200.000000,4633.846153,3991.794872,4061.538461
28,4383.076923,4447.179487,4546.153846,4280.512820,4463.589743,4209.743589,4440.000000,4218.461538,4223.076923,4474.871794,4193.333333,4630.769230,3990.256411,4063.589743
29,4387.179487,4453.846153,4546.666666,4282.564102,4465.641025,4211.282051,4430.256410,4213.846153,4221.538461,4478.461538,4184.615384,4631.794871,3989.230770,4065.128205
30,4379.487179,4445.641025,4541.025641,4273.846153,4464.615384,4207.179487,4426.666666,4208.205128,4224.615384,4480.000000,4173.846153,4631.282051,3982.564103,4058.461538
31,4373.333333,4438.461538,4540.000000,4268.205128,4463.076923,4207.692307,4430.769230,4206.153846,4217.948717,4471.794871,4181.538461,4630.256410,3984.615385,4054.871794
32,4376.410256,4442.564102,4543.076923,4268.205128,4460.000000,4208.205128,4430.769230,4209.743589,4210.256410,4468.205128,4192.820512,4630.256410,3989.230770,4056.410256
33,4381.538461,4447.179487,4543.589743,4269.743589,4461.538461,4208.717948,4429.230769,4214.358974,4215.384615,4475.897435,4191.794871,4634.358974,3987.692308,4057.435897
34,4383.076923,4445.641025,4545.641025,4276.410256,4470.256410,4211.794871,4435.897435,4215.897435,4225.128205,4485.128205,4192.820512,4641.538461,3989.743590,4061.538461
35,4381.538461,4442.564102,4549.230769,4276.923076,4471.794871,4213.846153,4437.948717,4218.461538,4231.282051,4489.230769,4194.358974,4644.102564,3992.820513,4063.589743
36,4380.000000,4442.564102,4547.179487,4263.589743,4465.641025,4210.769230,4432.820512,4224.102564,4240.000000,4497.435897,4191.794871,4642.051282,3992.820513,4061.025641
37,4383.589743,4443.589743,4546.153846,4261.538461,4465.641025,4210.256410,4436.923076,4230.256410,4244.615384,4504.102564,4193.846153,4646.666666,3997.435898,4065.128205
38,4386.666666,4442.051282,4550.256410,4273.333333,4466.666666,4208.717948,4442.051282,4228.717948,4236.923076,4500.000000,4199.487179,4652.307692,3998.461539,4073.846153
39,4382.564102,4437.435897,4550.769230,4272.307692,4463.076923,4201.538461,4433.333333,4219.487179,4225.128205,4488.205128,4197.948717,4644.615384,3990.769231,4067.692307
40,4380.512820,4434.358974,4550.769230,4268.205128,4462.564102,4203.589743,4426.153846,4215.897435,4221.538461,4479.487179,4198.974358,4638.974358,3985.128206,4057.948717
41,4385.641025,4440.000000,4553.846153,4275.897435,4463.076923,4206.666666,4430.256410,4220.000000,4223.589743,4481.025641,4203.589743,4645.641025,3993.333334,4064.615384
42,4386.666666,4442.564102,4553.333333,4273.846153,4461.025641,4202.564102,4429.230769,4222.564102,4226.153846,4488.205128,4198.461538,4651.282051,3997.948718,4073.333333
43,4381.025641,4428.205128,4546.153846,4261.538461,4458.974358,4201.538461,4425.128205,4220.512820,4230.769230,4492.307692,4185.641025,4642.564102,3986.666667,4065.128205
44,4381.538461,4420.512820,4544.615384,4263.076923,4457.435897,4204.615384,4436.410256,4222.051282,4235.384615,4493.333333,4185.128205,4636.410256,3977.948718,4057.948717
45,4380.512820,4427.692307,4546.666666,4265.641025,4457.948717,4205.128205,4444.615384,4226.153846,4231.794871,4488.717948,4193.333333,4643.589743,3980.512821,4060.512820
46,4375.897435,4433.846153,4544.102564,4259.487179,4458.461538,4202.564102,4434.871794,4219.487179,4222.051282,4478.974358,4193.846153,4645.128205,3985.641026,4058.461538
47,4379.487179,4432.820512,4544.102564,4262.051282,4458.461538,4204.102564,4432.820512,4211.794871,4220.512820,4478.461538,4196.410256,4640.512820,3986.666667,4057.948717
48,4386.153846,4428.717948,4548.205128,4267.692307,4462.564102,4208.717948,4444.615384,4218.461538,4227.692307,4491.282051,4196.923076,4644.615384,3991.282052,4063.589743
49,4383.076923,4423.589743,4550.256410,4267.692307,4460.512820,4204.615384,4441.538461,4224.102564,4229.230769,4493.333333,4192.307692,4648.717948,3995.384616,4064.102564
50,4378.974358,4426.666666,4546.666666,4266.153846,4456.923076,4197.948717,4430.256410,4218.461538,4227.692307,4486.153846,4194.358974,4644.102564,3983.589744,4060.000000
51,4381.025641,4429.230769,4544.615384,4263.076923,4460.000000,4202.051282,4433.333333,4217.435897,4230.769230,4487.179487,4197.948717,4641.538461,3975.384616,4061.025641
52,4383.076923,4422.051282,4547.179487,4266.153846,4461.025641,4207.692307,4439.487179,4221.538461,4227.692307,4493.333333,4193.333333,4644.102564,3989.230770,4065.641025
53,4381.538461,4415.384615,4547.692307,4275.384615,4456.923076,4205.641025,4440.000000,4220.512820,4222.051282,4494.871794,4189.230769,4642.051282,3997.435898,4061.538461
54,4376.410256,4415.897435,4539.487179,4274.358974,4454.871794,4207.179487,4442.051282,4222.051282,4228.205128,4491.282051,4188.205128,4640.512820,3983.589744,4054.358974
55,4373.846153,4414.358974,4535.897435,4264.615384,4458.974358,4208.205128,4442.564102,4227.692307,4234.871794,4486.666666,4185.641025,4644.102564,3978.974359,4055.897435
56,4374.358974,4406.153846,4542.051282,4261.538461,4462.051282,4207.692307,4443.589743,4229.743589,4234.871794,4488.717948,4186.153846,4643.589743,3988.717949,4057.948717
57,4373.846153,4401.538461,4539.487179,4267.179487,4461.025641,4210.769230,4445.128205,4228.205128,4231.794871,4493.333333,4189.743589,4640.000000,3992.820513,4051.794871
58,4369.743589,4402.051282,4533.333333,4271.794871,4458.461538,4208.205128,4444.102564,4223.589743,4227.179487,4488.205128,4191.794871,4639.487179,3989.230770,4047.179487
59,4371.282051,4406.153846,4536.410256,4275.384615,4459.487179,4205.641025,4443.589743,4224.102564,4223.589743,4481.538461,4188.205128,4640.512820,3986.153847,4054.358974
60,4376.410256,4409.230769,4537.948717,4276.923076,4465.128205,4211.794871,4445.128205,4228.205128,4228.717948,4489.230769,4180.000000,4636.923076,3980.000000,4055.384615
61,4372.307692,4407.179487,4532.307692,4271.794871,4465.641025,4211.282051,4445.641025,4227.179487,4237.948717,4493.333333,4179.487179,4633.846153,3976.410257,4048.205128
62,4369.230769,4403.076923,4532.820512,4261.025641,4460.000000,4205.128205,4445.128205,4224.102564,4234.871794,4485.641025,4185.128205,4635.897435,3983.589744,4047.692307
63,4372.820512,4395.897435,4535.897435,4259.487179,4458.461538,4210.256410,4446.666666,4224.615384,4224.102564,4481.025641,4189.230769,4636.410256,3987.692308,4054.358974
64,4376.410256,4391.794871,4539.487179,4272.820512,4466.153846,4215.897435,4447.179487,4224.615384,4220.000000,4486.666666,4194.871794,4637.435897,3982.051283,4058.974358
65,4377.948717,4391.794871,4543.076923,4281.538461,4470.256410,4212.820512,4442.564102,4224.102564,4225.641025,4486.666666,4197.435897,4640.000000,3981.538462,4056.410256
66,4380.512820,4397.435897,4544.102564,4281.025641,4469.230769,4216.923076,4446.666666,4231.282051,4233.846153,4486.153846,4191.794871,4645.128205,3990.769231,4054.358974
67,4383.076923,4405.641025,4545.641025,4279.487179,4471.794871,4220.512820,4454.358974,4235.384615,4240.000000,4490.769230,4182.564102,4646.666666,3996.410257,4058.974358
68,4382.051282,4401.538461,4543.589743,4268.717948,4472.820512,4218.461538,4450.256410,4231.282051,4239.487179,4486.666666,4182.564102,4642.051282,3989.743590,4058.461538
69,4376.410256,4388.717948,4540.000000,4259.487179,4474.358974,4216.923076,4443.589743,4226.666666,4233.846153,4486.153846,4191.794871,4639.487179,3978.974359,4049.743589
70,4371.794871,4387.692307,4541.025641,4269.230769,4471.794871,4214.358974,4445.128205,4226.666666,4231.794871,4496.410256,4196.923076,4640.512820,3976.923077,4048.205128
71,4372.307692,4393.333333,4542.564102,4276.923076,4464.615384,4213.846153,4451.282051,4232.307692,4237.948717,4500.000000,4194.358974,4642.564102,3983.589744,4055.384615
72,4374.358974,4390.769230,4538.974358,4266.666666,4467.692307,4216.410256,4456.923076,4233.846153,4243.589743,4493.846153,4183.589743,4642.564102,3985.128206,4056.410256
73,4376.410256,4387.179487,4536.410256,4263.076923,4473.333333,4215.897435,4457.435897,4232.820512,4237.948717,4486.666666,4180.512820,4640.512820,3982.564103,4052.307692
74,4374.871794,4383.589743,4535.384615,4270.769230,4471.282051,4214.871794,4450.256410,4234.358974,4232.820512,4483.589743,4187.179487,4638.461538,3986.153847,4048.717948
75,4367.692307,4378.461538,4531.794871,4268.205128,4467.179487,4213.333333,4442.564102,4231.282051,4236.410256,4485.128205,4185.641025,4637.435897,3983.589744,4045.128205
76,4363.076923,4381.538461,4529.743589,4261.025641,4462.564102,4205.128205,4441.025641,4222.051282,4236.923076,4490.769230,4178.974358,4634.871794,3975.384616,4043.076923
77,4369.230769,4387.692307,4532.307692,4263.076923,4459.487179,4202.051282,4447.179487,4221.538461,4237.435897,4488.717948,4181.025641,4637.435897,3978.461539,4047.692307
78,4376.923076,4383.076923,4537.435897,4269.743589,4464.102564,4210.256410,4457.948717,4231.282051,4241.025641,4486.666666,4186.153846,4644.102564,3982.564103,4051.282051
79,4374.358974,4381.538461,4539.487179,4274.871794,4468.205128,4214.358974,4461.025641,4235.384615,4238.461538,4492.307692,4189.230769,4644.615384,3982.564103,4051.794871
80,4372.820512,4390.256410,4541.538461,4272.307692,4469.230769,4213.846153,4460.512820,4233.846153,4238.461538,4493.333333,4194.871794,4645.128205,3992.307693,4055.897435
81,4374.358974,4392.820512,4542.051282,4265.641025,4472.820512,4215.384615,4460.000000,4235.384615,4242.051282,4489.743589,4202.051282,4649.230769,4002.564102,4057.435897
82,4376.923076,4388.205128,4542.051282,4270.256410,4474.358974,4216.923076,4460.000000,4235.384615,4241.025641,4493.846153,4204.102564,4648.205128,3994.871795,4053.846153
83,4375.897435,4382.564102,4538.974358,4276.410256,4468.717948,4213.846153,4460.000000,4232.307692,4240.000000,4498.974358,4195.897435,4645.641025,3983.589744,4049.743589
84,4370.256410,4376.410256,4533.846153,4274.358974,4463.076923,4206.153846,4454.358974,4226.666666,4238.461538,4493.333333,4187.692307,4643.589743,3983.076924,4049.743589
85,4368.717948,4377.948717,4535.897435,4273.333333,4464.615384,4205.128205,4450.769230,4222.564102,4229.743589,4487.179487,4196.923076,4640.000000,3986.153847,4053.333333
86,4375.384615,4385.641025,4541.025641,4276.923076,4471.282051,4212.820512,4455.384615,4225.128205,4227.179487,4484.615384,4201.538461,4641.538461,3991.794872,4054.358974
87,4377.435897,4386.153846,4539.487179,4278.974358,4474.871794,4217.435897,4458.974358,4227.692307,4238.974358,4485.641025,4190.769230,4643.076923,3992.307693,4052.307692
88,4373.846153,4378.974358,4539.487179,4280.512820,4470.256410,4212.307692,4457.948717,4229.230769,4246.666666,4495.897435,4191.794871,4640.512820,3987.179488,4053.846153
89,4373.846153,4380.000000,4541.538461,4280.000000,4465.641025,4207.692307,4453.333333,4228.205128,4237.948717,4497.948717,4195.897435,4637.948717,3986.666667,4058.461538
90,4376.923076,4392.307692,4542.564102,4281.538461,4468.717948,4212.307692,4449.230769,4226.666666,4232.307692,4492.307692,4192.307692,4637.948717,3992.307693,4058.974358
91,4372.307692,4385.128205,4542.564102,4281.538461,4469.743589,4212.307692,4454.871794,4231.282051,4241.025641,4497.948717,4193.333333,4642.564102,3993.333334,4055.384615
92,4366.153846,4365.128205,4543.076923,4276.923076,4465.128205,4209.743589,4462.051282,4237.948717,4242.564102,4501.538461,4193.333333,4644.102564,3986.153847,4049.230769
93,4371.282051,4369.230769,4541.538461,4278.461538,4467.692307,4211.794871,4452.307692,4232.307692,4230.256410,4489.230769,4189.230769,4640.000000,3986.153847,4053.333333
94,4376.410256,4391.794871,4538.461538,4281.025641,4470.769230,4209.743589,4441.025641,4222.051282,4226.666666,4482.051282,4191.282051,4635.384615,3982.564103,4056.410256
95,4371.282051,4400.512820,4534.871794,4281.025641,4468.717948,4207.692307,4443.589743,4218.461538,4228.205128,4485.641025,4190.769230,4631.794871,3962.051283,4044.102564
96,4368.205128,4405.128205,4535.384615,4286.666666,4468.205128,4210.769230,4445.641025,4216.410256,4217.435897,4483.076923,4180.000000,4627.692307,3948.717949,4038.974358
97,4374.358974,4421.025641,4536.410256,4299.487179,4468.717948,4212.307692,4444.102564,4217.435897,4209.743589,4473.846153,4174.358974,4626.666666,3949.743590,4049.743589
98,4376.410256,4432.307692,4533.846153,4306.666666,4470.256410,4207.692307,4440.512820,4215.384615,4211.282051,4461.538461,4164.102564,4626.666666,3943.076924,4049.743589
99,4376.923076,4445.128205,4532.820512,4303.076923,4472.307692,4205.641025,4432.820512,4206.666666,4206.666666,4450.769230,4147.692307,4623.076923,3931.282052,4042.564102
100,4382.051282,4460.000000,4536.410256,4301.025641,4472.307692,4208.205128,4427.179487,4200.000000,4200.000000,4450.769230,4147.179487,4625.128205,3931.794872,4050.769230
101,4379.487179,4457.435897,4538.461538,4309.743589,4471.282051,4209.230769,4431.794871,4201.538461,4199.487179,4451.282051,4152.307692,4627.179487,3929.743590,4057.435897
102,4368.717948,4443.076923,4533.846153,4306.153846,4469.743589,4207.692307,4434.358974,4202.051282,4196.410256,4442.564102,4148.205128,4616.923076,3916.410257,4046.153846
103,4360.000000,4435.384615,4526.153846,4291.794871,4468.717948,4204.615384,4429.230769,4200.000000,4192.820512,4434.358974,4145.641025,4605.641025,3900.512821,4030.769230
104,4361.538461,4444.102564,4528.205128,4297.435897,4469.743589,4207.179487,4426.153846,4195.384615,4194.871794,4440.512820,4150.769230,4608.205128,3893.333334,4028.717948
105,4368.205128,4448.717948,4532.820512,4308.205128,4468.717948,4205.641025,4427.179487,4192.307692,4194.871794,4446.666666,4144.102564,4613.846153,3903.076924,4037.435897
106,4364.102564,4438.974358,4529.230769,4296.410256,4465.641025,4198.974358,4425.641025,4192.307692,4190.256410,4441.025641,4128.717948,4606.153846,3912.307693,4034.871794
107,4353.846153,4428.205128,4523.589743,4287.692307,4469.230769,4206.153846,4429.230769,4191.794871,4190.256410,4438.461538,4128.717948,4599.487179,3912.307693,4024.102564
108,4358.974358,4432.820512,4530.769230,4301.025641,4477.948717,4216.410256,4442.051282,4201.538461,4203.589743,4450.256410,4140.000000,4611.282051,3921.025642,4029.743589
109,4374.871794,4446.666666,4543.589743,4312.820512,4483.076923,4218.974358,4449.230769,4215.384615,4212.820512,4456.923076,4151.282051,4623.589743,3931.794872,4048.205128
110,4380.000000,4449.230769,4546.153846,4313.333333,4482.564102,4218.461538,4442.564102,4214.358974,4207.692307,4452.307692,4162.564102,4621.025641,3931.794872,4054.871794
111,4377.948717,4448.717948,4541.025641,4309.743589,4478.974358,4215.897435,4438.461538,4206.153846,4202.564102,4455.897435,4162.564102,4616.410256,3929.230770,4051.282051
112,4381.025641,4460.000000,4545.128205,4308.717948,4480.512820,4216.923076,4442.051282,4207.179487,4206.666666,4465.128205,4154.871794,4621.025641,3931.282052,4052.307692
113,4387.692307,4465.641025,4555.384615,4313.333333,4487.692307,4224.102564,4445.128205,4214.358974,4215.897435,4470.256410,4165.641025,4628.205128,3934.871795,4058.461538
114,4390.769230,4455.897435,4557.435897,4315.384615,4489.230769,4229.743589,4446.153846,4220.000000,4226.153846,4477.435897,4186.666666,4632.820512,3945.128206,4066.153846
115,4388.205128,4452.307692,4551.794871,4309.743589,4485.641025,4223.076923,4446.153846,4221.538461,4228.717948,4474.871794,4184.615384,4631.794871,3955.897436,4064.615384
116,4380.512820,4455.384615,4544.615384,4306.153846,4480.512820,4214.358974,4441.538461,4214.358974,4213.846153,4458.974358,4158.461538,4623.589743,3950.256411,4048.717948
117,4378.974358,4451.794871,4544.102564,4312.820512,4481.025641,4216.923076,4438.974358,4212.820512,4202.564102,4455.897435,4143.076923,4618.974358,3943.076924,4045.128205
118,4386.153846,4452.820512,4549.230769,4317.435897,4486.153846,4222.564102,4443.076923,4217.948717,4210.769230,4464.102564,4157.435897,4622.564102,3950.256411,4062.564102
119,4384.102564,4452.820512,4546.153846,4312.307692,4481.538461,4215.897435,4441.538461,4213.333333,4213.333333,4457.948717,4166.666666,4622.051282,3933.846154,4060.512820
120,4363.076923,4433.333333,4530.769230,4298.974358,4469.743589,4205.641025,4430.769230,4200.000000,4197.435897,4440.000000,4150.769230,4605.641025,3895.384616,4027.692307
121,4352.820512,4418.974358,4524.102564,4292.820512,4465.641025,4204.102564,4426.153846,4195.897435,4186.666666,4435.897435,4142.051282,4594.871794,3900.512821,4023.076923
122,4371.794871,4427.692307,4535.897435,4304.102564,4469.743589,4205.128205,4431.794871,4208.717948,4200.000000,4450.769230,4154.871794,4608.205128,3944.615385,4052.820512
123,4385.128205,4431.282051,4546.153846,4308.205128,4472.307692,4208.205128,4435.384615,4217.948717,4213.333333,4463.589743,4163.076923,4622.564102,3969.230770,4065.641025
124,4382.051282,4424.102564,4547.179487,4301.538461,4471.794871,4212.307692,4434.358974,4216.410256,4210.256410,4466.666666,4170.256410,4622.564102,3976.410257,4055.897435
125,4388.717948,4421.025641,4548.717948,4306.666666,4469.230769,4209.230769,4432.307692,4216.410256,4216.410256,4474.358974,4188.717948,4623.589743,3996.410257,4063.076923
126,4394.871794,4416.923076,4549.230769,4308.205128,4466.666666,4202.564102,4428.717948,4217.435897,4225.128205,4482.564102,4201.538461,4628.205128,4005.641025,4074.871794
127,4386.666666,4402.051282,4545.641025,4298.974358,4468.205128,4200.000000,4430.769230,4212.820512,4214.358974,4478.974358,4200.000000,4627.692307,4002.564102,4069.743589
128,4389.230769,4392.820512,4547.179487,4303.589743,4469.743589,4208.205128,4441.025641,4214.871794,4209.230769,4478.974358,4202.564102,4630.769230,4014.358974,4072.307692
129,4401.538461,4401.025641,4551.794871,4313.333333,4472.307692,4214.871794,4447.692307,4229.230769,4226.153846,4490.256410,4213.333333,4637.435897,4026.666666,4081.538461
130,4399.487179,4407.179487,4548.205128,4307.692307,4475.384615,4210.256410,4446.666666,4234.358974,4236.923076,4495.384615,4209.230769,4636.923076,4025.641025,4078.974358
131,4397.435897,4404.615384,4544.615384,4300.000000,4474.871794,4207.692307,4444.615384,4229.230769,4233.846153,4493.333333,4201.538461,4634.358974,4021.025641,4078.974358
132,4406.666666,4406.153846,4550.769230,4295.897435,4473.846153,4213.846153,4444.102564,4230.256410,4237.948717,4497.435897,4218.974358,4640.000000,4021.025641,4089.230769
133,4406.666666,4409.743589,4553.333333,4294.358974,4472.307692,4215.384615,4443.589743,4235.384615,4237.948717,4500.000000,4232.307692,4645.128205,4023.076923,4087.179487
134,4397.435897,4406.666666,4546.666666,4305.641025,4468.205128,4210.256410,4442.051282,4230.256410,4229.743589,4492.820512,4217.435897,4640.512820,4023.589743,4076.923076
135,4395.897435,4401.025641,4545.128205,4311.794871,4466.153846,4208.717948,4441.025641,4220.512820,4230.769230,4485.641025,4200.000000,4636.410256,4016.410256,4075.384615
136,4397.435897,4393.846153,4548.205128,4304.102564,4470.256410,4208.717948,4444.102564,4220.512820,4233.846153,4485.641025,4203.076923,4641.538461,4005.128205,4079.487179
137,4397.435897,4393.333333,4550.256410,4298.974358,4478.974358,4214.358974,4448.717948,4223.589743,4230.256410,4490.769230,4213.333333,4647.692307,4011.794871,4082.564102
138,4395.384615,4400.512820,4549.743589,4298.974358,4481.025641,4218.974358,4446.666666,4220.512820,4225.641025,4491.282051,4212.820512,4646.153846,4018.461538,4076.410256
139,4392.307692,4398.974358,4549.230769,4302.564102,4475.384615,4214.871794,4442.051282,4216.923076,4223.589743,4487.692307,4203.589743,4641.025641,4005.641025,4068.205128
140,4391.794871,4393.333333,4548.717948,4308.205128,4473.333333,4210.256410,4441.025641,4217.435897,4221.538461,4486.153846,4203.589743,4642.564102,3998.974359,4070.769230
141,4393.846153,4392.820512,4550.256410,4310.256410,4478.461538,4210.256410,4443.589743,4223.589743,4226.153846,4489.230769,4211.794871,4647.692307,4007.692307,4073.846153
142,4395.897435,4394.871794,4552.307692,4308.717948,4481.025641,4214.871794,4446.666666,4229.743589,4235.897435,4490.256410,4212.307692,4650.769230,4011.282051,4071.282051
143,4395.897435,4399.487179,4550.256410,4302.051282,4479.487179,4217.948717,4446.666666,4228.205128,4235.897435,4488.205128,4206.666666,4650.256410,4008.717948,4073.333333
144,4394.358974,4398.461538,4547.692307,4293.846153,4479.487179,4214.358974,4444.102564,4223.589743,4226.666666,4487.692307,4201.025641,4645.641025,4007.179487,4073.846153
145,4393.333333,4386.153846,4546.666666,4297.435897,4480.512820,4212.820512,4441.538461,4222.564102,4223.076923,4488.717948,4195.897435,4644.615384,4003.076923,4071.282051
146,4391.282051,4381.538461,4548.717948,4312.820512,4481.025641,4216.923076,4443.589743,4228.205128,4230.256410,4495.384615,4204.615384,4647.179487,3997.948718,4070.256410
147,4387.179487,4390.769230,4547.692307,4311.282051,4483.589743,4213.846153,4444.102564,4229.230769,4229.230769,4496.410256,4216.410256,4648.717948,3993.846154,4064.102564
148,4385.641025,4390.769230,4543.589743,4297.948717,4483.589743,4208.717948,4438.974358,4222.051282,4225.641025,4486.666666,4204.102564,4645.641025,3995.897436,4060.512820
149,4382.564102,4382.564102,4542.051282,4292.307692,4476.923076,4210.769230,4437.435897,4217.948717,4227.179487,4481.025641,4184.615384,4641.538461,4003.589743,4062.564102
150,4378.974358,4377.435897,4538.461538,4291.794871,4473.846153,4208.205128,4438.974358,4218.461538,4224.615384,4487.179487,4196.410256,4640.000000,3999.487180,4057.948717
151,4380.000000,4377.435897,4534.871794,4294.871794,4475.897435,4203.589743,4439.487179,4217.948717,4221.025641,4493.846153,4219.487179,4641.538461,3991.282052,4054.871794
152,4383.589743,4381.025641,4541.025641,4300.000000,4475.897435,4208.717948,4440.512820,4224.102564,4232.820512,4500.000000,4218.461538,4648.205128,4000.000000,4067.692307
153,4390.769230,4386.153846,4551.282051,4307.692307,4477.435897,4217.435897,4444.102564,4237.948717,4243.589743,4504.615384,4206.153846,4655.384615,4014.358974,4080.000000
154,4392.820512,4387.692307,4551.282051,4308.205128,4477.948717,4217.435897,4444.102564,4237.948717,4232.307692,4496.410256,4201.025641,4653.846153,4008.205128,4069.230769
155,4381.025641,4381.025641,4544.615384,4296.923076,4476.410256,4209.743589,4442.051282,4231.794871,4227.692307,4487.179487,4203.076923,4647.692307,3992.307693,4052.820512
156,4375.384615,4377.948717,4542.051282,4288.717948,4475.384615,4208.717948,4443.076923,4232.820512,4235.897435,4496.923076,4211.794871,4645.128205,3992.820513,4055.897435
157,4382.564102,4377.435897,4542.564102,4293.846153,4474.871794,4210.256410,4443.076923,4231.282051,4232.307692,4502.051282,4214.871794,4647.179487,4002.564102,4063.589743
158,4387.692307,4371.794871,4544.102564,4302.564102,4471.282051,4205.641025,4441.538461,4228.205128,4229.230769,4495.384615,4216.410256,4648.205128,4007.692307,4063.076923
159,4390.256410,4371.282051,4547.692307,4301.538461,4468.717948,4202.564102,4441.025641,4231.794871,4240.000000,4503.076923,4219.487179,4651.282051,4018.974358,4067.179487
160,4395.384615,4378.461538,4553.333333,4298.461538,4470.769230,4207.692307,4443.076923,4234.358974,4244.102564,4509.230769,4215.897435,4655.384615,4034.358974,4080.512820
161,4398.461538,4378.461538,4557.435897,4301.025641,4476.923076,4210.769230,4444.615384,4232.820512,4238.974358,4500.512820,4218.461538,4656.410256,4032.820512,4083.589743
162,4400.000000,4374.358974,4557.948717,4305.128205,4481.538461,4211.282051,4448.717948,4238.461538,4248.205128,4502.564102,4232.820512,4655.897435,4023.076923,4076.923076
163,4401.538461,4382.564102,4560.000000,4308.717948,4478.461538,4215.384615,4452.820512,4247.179487,4257.948717,4516.923076,4238.461538,4660.512820,4027.179487,4077.435897
164,4398.974358,4387.179487,4560.512820,4305.641025,4481.538461,4218.974358,4448.717948,4248.205128,4251.282051,4519.487179,4231.794871,4663.589743,4026.153846,4082.564102
165,4397.948717,4377.948717,4554.358974,4295.897435,4485.128205,4215.897435,4442.564102,4241.025641,4244.102564,4509.230769,4231.282051,4661.025641,4015.897435,4084.102564
166,4399.487179,4377.948717,4548.717948,4288.717948,4481.025641,4208.717948,4441.025641,4236.410256,4245.128205,4501.025641,4225.641025,4656.923076,4021.538461,4081.025641
167,4393.846153,4384.102564,4546.666666,4287.179487,4477.948717,4208.717948,4440.000000,4233.333333,4245.641025,4501.025641,4211.282051,4649.230769,4032.307692,4074.358974
168,4384.102564,4376.410256,4538.974358,4282.051282,4476.410256,4211.794871,4434.358974,4224.615384,4246.153846,4504.615384,4213.333333,4640.512820,4023.589743,4067.692307
169,4381.538461,4361.538461,4531.794871,4280.000000,4471.794871,4205.641025,4429.230769,4220.512820,4245.128205,4502.051282,4220.512820,4638.974358,4009.743589,4065.128205
170,4383.076923,4358.461538,4531.794871,4283.076923,4468.717948,4197.948717,4432.307692,4223.589743,4234.871794,4497.948717,4208.717948,4640.512820,4009.743589,4063.589743
171,4384.102564,4371.282051,4532.820512,4281.025641,4469.743589,4201.025641,4440.000000,4228.717948,4230.256410,4498.974358,4196.410256,4640.000000,4014.871794,4064.102564
172,4385.641025,4380.000000,4534.358974,4284.102564,4471.794871,4209.230769,4441.025641,4232.307692,4238.461538,4492.820512,4204.102564,4638.974358,4010.256410,4064.102564
173,4382.564102,4372.307692,4532.820512,4289.743589,4476.410256,4208.717948,4437.435897,4227.692307,4238.461538,4486.666666,4214.358974,4639.487179,4003.589743,4061.025641
174,4381.025641,4369.230769,4530.769230,4284.615384,4477.948717,4205.641025,4440.512820,4221.538461,4232.307692,4491.282051,4217.435897,4641.538461,4004.615384,4061.538461
175,4387.179487,4377.435897,4534.358974,4280.512820,4473.846153,4207.692307,4445.128205,4225.128205,4235.384615,4499.487179,4214.871794,4644.102564,4010.769230,4064.102564
176,4383.589743,4370.256410,4535.384615,4282.051282,4473.846153,4207.179487,4443.589743,4228.205128,4233.846153,4496.923076,4197.435897,4642.564102,4014.358974,4057.948717
177,4373.846153,4352.307692,4532.820512,4281.538461,4472.820512,4200.512820,4434.871794,4216.410256,4221.538461,4491.282051,4191.794871,4640.512820,4013.846153,4056.923076
178,4381.538461,4358.461538,4538.974358,4282.051282,4471.282051,4197.435897,4430.256410,4211.282051,4222.564102,4498.974358,4217.435897,4648.205128,4022.051282,4068.717948
179,4398.974358,4380.000000,4548.205128,4293.846153,4475.384615,4204.102564,4441.025641,4227.692307,4243.589743,4511.794871,4240.512820,4663.076923,4035.384615,4077.435897
180,4402.564102,4386.666666,4550.769230,4300.000000,4480.000000,4211.282051,4447.692307,4235.384615,4251.794871,4510.769230,4234.358974,4668.205128,4034.358974,4077.435897
181,4391.794871,4370.256410,4547.179487,4287.179487,4476.410256,4208.717948,4435.897435,4217.435897,4234.871794,4495.897435,4216.923076,4654.358974,4026.153846,4075.384615
182,4385.641025,4354.358974,4542.051282,4279.487179,4471.282051,4198.974358,4430.769230,4205.641025,4223.589743,4490.256410,4218.461538,4645.641025,4028.717948,4072.820512
183,4390.256410,4363.589743,4547.692307,4288.205128,4469.230769,4198.461538,4441.538461,4217.435897,4232.307692,4501.025641,4230.769230,4654.358974,4033.846153,4070.769230
184,4398.461538,4382.051282,4562.051282,4295.384615,4468.205128,4202.051282,4445.641025,4229.743589,4244.102564,4512.820512,4234.871794,4661.538461,4029.230769,4072.820512
185,4406.153846,4384.615384,4564.615384,4295.897435,4470.256410,4200.512820,4442.564102,4231.282051,4251.282051,4516.923076,4236.923076,4663.589743,4028.205128,4079.487179
186,4403.589743,4374.871794,4555.384615,4295.897435,4470.769230,4202.051282,4443.589743,4228.717948,4245.128205,4510.256410,4235.384615,4662.564102,4028.205128,4083.589743
187,4392.307692,4370.256410,4547.692307,4287.692307,4469.230769,4202.051282,4443.589743,4220.000000,4222.564102,4494.871794,4221.538461,4653.333333,4024.615384,4073.846153
188,4388.717948,4372.307692,4546.153846,4287.692307,4465.128205,4197.435897,4442.051282,4214.871794,4211.794871,4483.076923,4209.743589,4645.641025,4021.025641,4061.538461
189,4393.846153,4378.461538,4546.153846,4302.051282,4465.641025,4197.948717,4443.076923,4217.435897,4221.025641,4482.564102,4213.846153,4647.692307,4012.307692,4064.102564
190,4393.846153,4380.512820,4544.615384,4296.410256,4470.769230,4202.051282,4442.051282,4213.333333,4223.589743,4486.666666,4222.564102,4650.769230,4003.076923,4069.743589
191,4392.307692,4372.820512,4544.615384,4275.384615,4471.794871,4202.564102,4441.025641,4212.307692,4223.076923,4486.666666,4221.538461,4650.769230,4006.666666,4068.205128
192,4389.743589,4366.666666,4547.179487,4269.743589,4472.820512,4202.051282,4442.564102,4218.461538,4226.153846,4484.615384,4207.692307,4647.692307,4014.871794,4065.128205
193,4385.128205,4365.128205,4544.102564,4281.538461,4470.769230,4202.564102,4443.076923,4217.435897,4229.230769,4489.230769,4204.615384,4643.076923,4013.333333,4064.615384
194,4385.641025,4363.076923,4537.948717,4290.256410,4466.666666,4201.538461,4444.102564,4216.410256,4234.358974,4496.923076,4219.487179,4643.076923,4009.230769,4061.538461
195,4388.205128,4363.589743,4540.000000,4288.205128,4467.692307,4200.512820,4447.179487,4226.153846,4232.820512,4491.794871,4220.512820,4646.153846,4011.282051,4053.846153
196,4385.128205,4370.256410,4544.615384,4278.974358,4470.769230,4200.512820,4445.641025,4228.717948,4229.230769,4487.692307,4208.717948,4645.128205,4008.205128,4052.820512
197,4383.076923,4369.230769,4542.564102,4275.897435,4468.717948,4202.564102,4441.538461,4222.564102,4238.461538,4496.410256,4216.410256,4644.615384,4005.641025,4061.538461
198,4385.128205,4362.051282,4540.512820,4280.512820,4468.717948,4205.641025,4442.051282,4224.615384,4245.128205,4498.461538,4231.794871,4648.717948,4015.897435,4069.230769
199,4384.102564,4363.076923,4540.000000,4281.538461,4471.282051,4204.102564,4443.076923,4225.641025,4236.410256,4490.256410,4229.230769,4646.153846,4020.512820,4063.076923
200,4383.589743,4371.794871,4540.000000,4282.051282,4470.256410,4203.076923,4443.076923,4225.641025,4233.333333,4493.846153,4213.333333,4640.000000,4014.871794,4052.820512
201,4386.666666,4374.358974,4542.564102,4280.512820,4470.769230,4205.128205,4443.589743,4226.666666,4238.974358,4502.051282,4202.051282,4641.538461,4013.846153,4055.384615
202,4387.692307,4374.358974,4543.589743,4276.410256,4471.282051,4203.589743,4440.512820,4222.564102,4239.487179,4497.948717,4206.153846,4644.102564,4013.846153,4065.128205
203,4387.692307,4377.435897,4545.641025,4281.538461,4469.743589,4199.487179,4437.435897,4220.000000,4241.538461,4494.358974,4222.051282,4645.641025,4012.820512,4068.205128
204,4392.820512,4377.948717,4549.743589,4291.282051,4469.230769,4200.000000,4441.538461,4222.564102,4242.564102,4494.871794,4228.717948,4649.230769,4017.435897,4066.153846
205,4393.333333,4376.923076,4546.153846,4286.666666,4466.153846,4201.025641,4442.051282,4216.923076,4230.256410,4489.743589,4220.512820,4648.205128,4023.076923,4067.692307
206,4385.641025,4375.897435,4540.512820,4271.282051,4463.589743,4197.948717,4430.256410,4209.230769,4221.538461,4486.153846,4211.794871,4641.025641,4026.153846,4070.256410
207,4388.205128,4374.871794,4542.051282,4273.333333,4467.179487,4197.435897,4425.641025,4216.410256,4236.410256,4494.871794,4210.256410,4641.538461,4025.641025,4070.769230
208,4397.435897,4381.025641,4548.717948,4290.256410,4470.256410,4200.000000,4437.948717,4228.717948,4250.769230,4505.641025,4220.000000,4650.256410,4021.025641,4069.230769
209,4400.512820,4393.333333,4553.333333,4297.948717,4473.333333,4201.025641,4445.641025,4233.333333,4243.076923,4505.641025,4227.692307,4655.897435,4022.051282,4074.358974
210,4397.948717,4390.769230,4551.794871,4292.820512,4474.871794,4204.102564,4442.564102,4234.358974,4236.923076,4496.923076,4227.179487,4655.384615,4026.666666,4080.512820
211,4395.384615,4376.410256,4549.230769,4291.794871,4473.846153,4206.666666,4443.589743,4228.717948,4241.538461,4488.717948,4226.153846,4652.307692,4027.692307,4077.435897
212,4396.410256,4381.025641,4549.230769,4296.410256,4476.923076,4206.153846,4447.692307,4220.512820,4237.948717,4492.307692,4223.076923,4651.282051,4027.692307,4071.282051
213,4399.487179,4395.897435,4552.307692,4295.897435,4475.897435,4208.205128,4444.615384,4220.512820,4236.410256,4501.538461,4222.051282,4654.358974,4027.692307,4073.846153
214,4401.025641,4391.794871,4555.897435,4296.410256,4470.769230,4206.153846,4441.538461,4224.615384,4245.128205,4505.128205,4225.641025,4658.974358,4031.794871,4081.025641
215,4402.564102,4384.615384,4555.384615,4296.923076,4470.256410,4203.589743,4444.615384,4227.179487,4248.717948,4505.128205,4227.692307,4663.076923,4037.435897,4082.051282
216,4398.974358,4384.102564,4549.230769,4289.743589,4472.307692,4205.128205,4444.615384,4227.692307,4245.128205,4501.538461,4228.205128,4660.000000,4029.743589,4072.820512
217,4391.794871,4380.512820,4545.128205,4284.102564,4466.153846,4200.000000,4442.051282,4223.589743,4242.051282,4498.974358,4225.641025,4650.769230,4021.538461,4065.128205
218,4389.743589,4376.923076,4545.128205,4283.076923,4458.461538,4192.307692,4441.025641,4222.051282,4241.025641,4503.589743,4213.333333,4644.102564,4027.692307,4070.256410
219,4391.794871,4378.461538,4543.076923,4281.538461,4456.923076,4193.846153,4440.512820,4223.589743,4240.512820,4502.051282,4211.794871,4641.538461,4026.153846,4070.769230
220,4391.794871,4382.051282,4541.538461,4280.000000,4462.564102,4201.025641,4441.538461,4223.076923,4241.025641,4494.358974,4221.025641,4641.025641,4018.974358,4061.025641
221,4393.333333,4388.205128,4542.564102,4278.974358,4469.743589,4200.512820,4442.051282,4222.564102,4241.538461,4497.435897,4213.846153,4642.051282,4022.051282,4062.051282
222,4397.435897,4388.717948,4545.128205,4277.435897,4468.717948,4200.512820,4448.717948,4230.256410,4247.179487,4507.179487,4217.435897,4647.692307,4031.794871,4073.846153
223,4397.948717,4377.948717,4549.230769,4278.461538,4469.743589,4205.128205,4460.512820,4240.000000,4253.846153,4512.820512,4233.333333,4654.871794,4035.897435,4077.948717
224,4391.794871,4373.333333,4547.692307,4279.487179,4469.230769,4205.128205,4457.435897,4237.948717,4249.230769,4510.769230,4225.641025,4652.820512,4022.564102,4065.128205
225,4386.666666,4383.076923,4544.102564,4278.974358,4464.615384,4198.461538,4443.589743,4224.102564,4238.974358,4500.000000,4215.384615,4644.102564,4006.666666,4056.923076
226,4390.256410,4390.769230,4547.179487,4283.076923,4466.666666,4197.435897,4442.564102,4213.846153,4232.307692,4489.230769,4217.435897,4643.076923,4010.256410,4064.615384
227,4390.256410,4389.230769,4547.179487,4282.564102,4468.717948,4201.025641,4443.589743,4216.410256,4229.230769,4489.230769,4210.256410,4642.564102,4014.871794,4065.641025
228,4384.102564,4387.692307,4542.564102,4273.846153,4466.153846,4202.051282,4442.051282,4220.000000,4228.717948,4493.846153,4202.564102,4635.384615,4006.153846,4055.384615
229,4387.692307,4387.179487,4545.641025,4274.871794,4469.743589,4205.641025,4449.743589,4226.666666,4237.435897,4493.846153,4210.769230,4637.435897,4005.128205,4056.923076
230,4393.333333,4384.102564,4550.256410,4283.076923,4476.923076,4208.205128,4452.820512,4235.384615,4250.256410,4496.410256,4218.461538,4643.076923,4010.256410,4068.717948
231,4389.743589,4385.641025,4547.179487,4284.102564,4472.820512,4201.538461,4445.128205,4234.358974,4251.794871,4502.051282,4215.384615,4640.000000,4004.615384,4065.641025
232,4385.128205,4386.666666,4543.076923,4275.384615,4466.153846,4196.923076,4443.076923,4229.743589,4242.564102,4502.051282,4211.794871,4634.358974,4001.538461,4054.358974
233,4385.128205,4379.487179,4541.025641,4266.666666,4467.179487,4197.948717,4446.153846,4229.230769,4238.461538,4499.487179,4212.307692,4632.820512,4009.743589,4054.358974
234,4385.641025,4377.435897,4543.076923,4265.128205,4467.179487,4198.461538,4446.153846,4231.794871,4244.615384,4498.974358,4212.820512,4636.923076,4015.897435,4062.051282
235,4385.128205,4380.512820,4546.153846,4272.307692,4468.205128,4201.025641,4446.153846,4232.307692,4250.256410,4498.974358,4208.205128,4641.538461,4008.205128,4063.076923
236,4384.615384,4382.564102,4546.666666,4279.487179,4469.743589,4202.051282,4443.076923,4229.230769,4244.102564,4498.461538,4212.820512,4640.000000,3993.333334,4054.871794
237,4390.256410,4391.282051,4550.769230,4284.102564,4473.333333,4201.025641,4441.538461,4227.179487,4236.410256,4501.538461,4229.230769,4643.076923,3991.282052,4055.897435
238,4397.948717,4397.435897,4555.384615,4285.641025,4475.384615,4202.564102,4444.615384,4229.743589,4237.435897,4504.615384,4229.743589,4650.769230,3997.435898,4068.717948
239,4398.461538,4396.410256,4553.333333,4283.589743,4474.358974,4208.205128,4445.641025,4231.282051,4245.641025,4504.102564,4213.846153,4650.256410,4007.692307,4075.384615
240,4396.923076,4396.923076,4550.769230,4283.589743,4473.333333,4207.692307,4444.615384,4227.179487,4247.179487,4502.564102,4210.256410,4649.230769,4013.846153,4066.666666
241,4393.333333,4394.358974,4547.692307,4286.153846,4471.282051,4200.000000,4442.564102,4223.076923,4235.384615,4494.358974,4220.000000,4651.282051,4000.512820,4053.333333
242,4386.153846,4385.128205,4545.128205,4282.564102,4471.794871,4198.461538,4441.538461,4222.051282,4229.743589,4486.153846,4216.410256,4648.205128,3987.692308,4055.897435
243,4386.666666,4385.128205,4547.179487,4276.923076,4475.384615,4203.589743,4445.641025,4218.974358,4233.333333,4482.564102,4206.666666,4645.128205,3998.974359,4065.641025
244,4389.230769,4390.769230,4547.692307,4275.384615,4472.307692,4199.487179,4443.076923,4215.384615,4231.282051,4486.153846,4209.743589,4646.153846,4005.128205,4061.538461
245,4383.076923,4390.256410,4543.589743,4273.846153,4465.641025,4191.794871,4432.307692,4215.897435,4225.641025,4494.358974,4211.282051,4645.641025,3992.820513,4052.307692
246,4382.051282,4387.692307,4542.564102,4275.384615,4466.153846,4197.948717,4432.820512,4216.923076,4226.666666,4493.333333,4205.128205,4644.615384,3991.282052,4055.897435
247,4389.743589,4385.641025,4544.615384,4283.589743,4473.333333,4204.102564,4443.076923,4214.871794,4227.692307,4488.717948,4214.358974,4647.692307,3999.487180,4065.128205
248,4392.820512,4386.153846,4544.615384,4287.692307,4481.025641,4206.153846,4445.641025,4217.948717,4233.846153,4492.820512,4223.589743,4650.769230,4004.102564,4065.128205
249,4388.717948,4389.230769,4543.076923,4275.384615,4483.076923,4210.256410,4442.564102,4223.076923,4244.615384,4496.410256,4213.846153,4652.307692,4008.205128,4057.435897
250,4383.076923,4391.282051,4544.102564,4261.025641,4476.923076,4209.230769,4441.025641,4221.538461,4242.051282,4492.820512,4211.282051,4650.769230,4007.179487,4057.435897
251,4385.641025,4391.282051,4545.641025,4266.153846,4471.282051,4202.564102,4442.051282,4223.076923,4230.769230,4489.230769,4220.512820,4648.205128,3997.435898,4065.641025
252,4394.871794,4393.333333,4545.641025,4284.615384,4474.871794,4203.076923,4443.589743,4228.205128,4228.717948,4490.769230,4220.000000,4651.794871,3993.333334,4066.666666
253,4398.974358,4393.846153,4545.128205,4291.282051,4480.000000,4206.153846,4437.435897,4225.641025,4234.871794,4494.871794,4215.384615,4658.974358,4000.000000,4059.487179
254,4397.435897,4394.358974,4549.230769,4285.641025,4476.410256,4201.025641,4430.769230,4218.461538,4237.435897,4498.461538,4217.948717,4658.461538,4005.641025,4064.615384
255,4394.871794,4391.794871,4552.820512,4279.487179,4471.794871,4200.000000,4438.974358,4218.974358,4235.897435,4498.974358,4223.076923,4654.358974,4005.128205,4072.307692
256,4386.153846,4381.538461,4548.717948,4268.205128,4470.256410,4203.076923,4445.128205,4220.512820,4235.384615,4496.923076,4219.487179,4653.333333,4000.512820,4058.461538
257,4378.974358,4380.000000,4542.564102,4265.128205,4467.692307,4195.384615,4433.333333,4211.282051,4226.666666,4486.153846,4208.205128,4650.769230,3994.358975,4044.615384
258,4382.051282,4393.333333,4542.564102,4278.461538,4463.076923,4190.256410,4423.589743,4207.179487,4214.871794,4473.333333,4202.051282,4647.179487,3994.358975,4057.435897
259,4392.820512,4402.051282,4551.794871,4289.230769,4467.179487,4200.512820,4432.820512,4216.410256,4220.000000,4483.589743,4216.410256,4654.871794,4000.000000,4074.358974
