,AF3,F7,F3,FC5,T7,P7,O1,O2,P8,T8,FC6,F4,F8,AF4
0,4396.923076,4521.025641,4523.076923,4269.743589,4496.410256,4199.487179,4425.641025,4222.564102,4212.820512,4508.717948,4197.435897,4631.794871,3976.923077,4043.589743
1,4394.871794,4521.538461,4522.051282,4264.615384,4491.282051,4201.025641,4428.205128,4217.948717,4209.743589,4498.974358,4190.769230,4629.743589,3970.769231,4040.512820
2,4393.333333,4521.538461,4521.538461,4267.179487,4495.384615,4202.051282,4430.769230,4216.923076,4209.743589,4494.871794,4185.641025,4629.743589,3970.256411,4035.897435
3,4394.871794,4523.076923,4520.512820,4275.897435,4501.025641,4202.051282,4426.666666,4217.948717,4206.666666,4492.307692,4190.769230,4629.743589,3971.282052,4037.948717
4,4399.487179,4523.589743,4523.589743,4279.487179,4500.512820,4203.076923,4427.692307,4216.410256,4202.051282,4490.256410,4200.512820,4628.205128,3971.282052,4045.128205
5,4394.871794,4517.948717,4519.487179,4270.769230,4494.358974,4197.435897,4426.666666,4213.333333,4200.000000,4493.333333,4195.897435,4624.102564,3970.769231,4041.538461
6,4390.256410,4516.923076,4511.794871,4264.102564,4490.769230,4190.256410,4420.000000,4214.871794,4203.076923,4494.871794,4192.820512,4623.589743,3972.820513,4034.358974
7,4394.358974,4518.974358,4517.435897,4270.256410,4490.769230,4194.358974,4421.025641,4215.384615,4204.615384,4489.743589,4196.923076,4627.179487,3968.205129,4033.333333
8,4396.410256,4517.948717,4523.076923,4276.410256,4491.794871,4201.538461,4427.179487,4217.435897,4204.615384,4489.743589,4196.410256,4628.717948,3964.615385,4035.897435
9,4397.948717,4524.102564,4523.589743,4278.974358,4498.974358,4201.025641,4427.692307,4224.102564,4206.666666,4491.794871,4195.384615,4631.282051,3977.435898,4044.615384
10,4406.666666,4532.307692,4529.230769,4282.564102,4503.076923,4200.000000,4425.128205,4223.589743,4213.333333,4489.743589,4204.615384,4636.923076,3989.743590,4053.333333
11,4414.358974,4528.205128,4537.435897,4283.589743,4496.410256,4202.051282,4429.230769,4222.564102,4219.487179,4496.410256,4215.897435,4642.051282,3992.307693,4057.948717
12,4409.230769,4520.512820,4537.435897,4280.512820,4492.820512,4201.025641,4431.282051,4227.179487,4218.461538,4504.102564,4217.948717,4645.128205,3997.435898,4064.102564
13,4396.923076,4520.512820,4534.358974,4280.512820,4497.435897,4201.025641,4429.230769,4224.615384,4215.384615,4495.897435,4214.871794,4641.538461,3996.923077,4065.128205
14,4387.692307,4525.128205,4535.384615,4284.102564,4497.948717,4201.538461,4428.717948,4215.384615,4215.384615,4487.179487,4213.333333,4636.923076,3988.717949,4060.000000
15,4381.538461,4521.025641,4535.897435,4284.615384,4494.871794,4199.487179,4426.666666,4213.846153,4214.358974,4487.179487,4216.410256,4637.435897,3989.743590,4061.025641
16,4375.384615,4511.282051,4534.358974,4282.564102,4492.307692,4199.487179,4425.128205,4223.076923,4212.820512,4486.666666,4215.384615,4639.487179,3990.769231,4063.589743
17,4377.435897,4513.846153,4534.358974,4284.102564,4490.769230,4200.512820,4433.333333,4229.743589,4213.333333,4488.717948,4213.846153,4641.538461,3985.641026,4060.000000
18,4391.794871,4521.538461,4536.923076,4288.717948,4494.358974,4202.051282,4443.076923,4232.820512,4218.461538,4494.871794,4217.948717,4641.025641,3990.256411,4058.974358
19,4399.487179,4514.358974,4529.743589,4285.128205,4496.410256,4202.564102,4437.948717,4232.307692,4222.051282,4492.820512,4218.461538,4636.410256,3992.307693,4060.000000
20,4397.948717,4504.102564,4521.025641,4277.435897,4491.282051,4201.025641,4426.666666,4228.717948,4217.948717,4488.205128,4214.871794,4634.358974,3987.179488,4056.410256
21,4404.615384,4507.179487,4526.666666,4281.538461,4492.820512,4198.974358,4425.128205,4226.666666,4216.923076,4491.282051,4216.410256,4640.000000,3988.205129,4058.974358
22,4413.333333,4515.897435,4535.384615,4288.205128,4497.435897,4200.000000,4429.230769,4228.205128,4224.102564,4493.333333,4226.666666,4646.666666,3995.897436,4069.230769
23,4412.820512,4521.538461,4535.897435,4284.615384,4494.871794,4201.538461,4427.692307,4232.307692,4225.128205,4494.871794,4235.384615,4647.179487,3998.974359,4071.282051
24,4410.256410,4521.538461,4535.384615,4283.076923,4494.871794,4200.512820,4426.666666,4232.307692,4223.076923,4495.384615,4232.307692,4647.179487,3996.410257,4067.179487
25,4411.794871,4519.487179,4537.435897,4290.256410,4501.538461,4201.025641,4435.897435,4232.307692,4226.153846,4490.256410,4225.128205,4647.692307,3995.897436,4069.230769
26,4414.358974,4523.076923,4538.974358,4296.410256,4501.538461,4204.102564,4440.000000,4233.846153,4230.256410,4492.820512,4229.230769,4647.692307,3998.974359,4076.410256
27,4420.000000,4525.128205,4540.512820,4297.435897,4500.512820,4204.615384,4431.282051,4233.846153,4229.230769,4501.025641,4238.974358,4648.717948,4006.153846,4079.487179
28,4422.051282,4523.589743,4540.512820,4299.487179,4507.179487,4201.538461,4426.153846,4225.128205,4223.589743,4496.923076,4238.461538,4648.717948,4004.102564,4077.435897
29,4416.923076,4523.589743,4536.923076,4298.461538,4507.692307,4200.000000,4428.717948,4215.384615,4215.384615,4485.128205,4231.282051,4641.538461,3995.384616,4073.333333
30,4414.358974,4522.051282,4536.923076,4295.384615,4503.076923,4202.051282,4427.179487,4219.487179,4211.794871,4486.153846,4228.717948,4636.410256,3995.384616,4072.307692
31,4415.384615,4522.051282,4536.923076,4297.435897,4506.153846,4203.076923,4425.128205,4230.769230,4218.461538,4493.846153,4229.230769,4641.025641,3998.974359,4074.871794
32,4414.358974,4525.128205,4529.230769,4295.897435,4505.128205,4200.512820,4427.179487,4233.333333,4223.589743,4492.307692,4228.205128,4641.025641,3995.384616,4074.871794
33,4412.820512,4520.000000,4526.666666,4288.205128,4494.358974,4197.948717,4428.205128,4227.692307,4221.538461,4485.128205,4228.205128,4635.897435,3991.794872,4073.333333
34,4411.794871,4513.333333,4534.358974,4285.641025,4491.282051,4198.974358,4427.179487,4228.205128,4218.974358,4483.589743,4231.282051,4636.410256,3994.358975,4076.410256
35,4411.282051,4515.384615,4537.435897,4289.230769,4493.333333,4200.512820,4426.666666,4229.743589,4217.948717,4484.102564,4230.256410,4637.435897,3993.333334,4078.974358
36,4417.435897,4518.974358,4534.358974,4292.307692,4491.282051,4198.974358,4427.179487,4223.589743,4218.461538,4484.102564,4229.230769,4638.974358,3993.333334,4080.000000
37,4427.692307,4523.076923,4539.487179,4295.897435,4494.358974,4198.974358,4427.692307,4222.564102,4222.051282,4488.717948,4240.000000,4647.179487,4001.538461,4087.179487
38,4430.769230,4522.564102,4543.589743,4298.461538,4500.000000,4198.974358,4427.692307,4231.282051,4223.589743,4488.717948,4242.564102,4651.282051,4004.102564,4092.307692
39,4423.076923,4514.871794,4536.410256,4295.384615,4494.358974,4198.461538,4427.692307,4232.820512,4217.435897,4478.461538,4227.179487,4641.538461,3993.333334,4085.641025
40,4417.435897,4514.871794,4531.282051,4292.820512,4489.230769,4200.000000,4432.307692,4227.692307,4213.333333,4470.769230,4221.538461,4634.358974,3983.589744,4078.974358
41,4419.487179,4522.564102,4534.358974,4294.358974,4494.871794,4204.615384,4436.923076,4229.743589,4219.487179,4474.358974,4230.256410,4636.923076,3988.205129,4081.538461
42,4423.589743,4522.051282,4536.410256,4296.923076,4500.000000,4205.641025,4433.333333,4231.794871,4226.666666,4484.615384,4232.820512,4639.487179,3997.948718,4085.641025
43,4425.641025,4520.000000,4535.897435,4298.974358,4502.051282,4201.538461,4426.666666,4229.743589,4230.769230,4490.769230,4238.461538,4643.076923,4001.538461,4087.179487
44,4430.256410,4526.153846,4538.974358,4303.076923,4506.666666,4205.128205,4434.358974,4231.282051,4234.358974,4492.307692,4249.743589,4653.333333,4005.641025,4092.307692
45,4437.435897,4527.179487,4543.076923,4307.692307,4507.179487,4214.871794,4444.102564,4238.974358,4237.435897,4496.923076,4250.256410,4659.487179,4009.743589,4101.025641
46,4438.461538,4523.589743,4542.051282,4307.179487,4506.153846,4215.384615,4443.589743,4247.692307,4239.487179,4502.564102,4249.230769,4656.923076,4010.256410,4105.641025
47,4434.871794,4525.641025,4539.487179,4301.025641,4507.692307,4209.230769,4442.051282,4252.307692,4240.512820,4495.384615,4252.820512,4653.333333,4008.205128,4100.000000
48,4430.769230,4521.025641,4536.923076,4296.410256,4503.589743,4204.615384,4443.589743,4248.205128,4238.461538,4487.692307,4245.128205,4649.230769,4004.615384,4092.307692
49,4427.179487,4511.794871,4536.923076,4296.410256,4495.897435,4203.589743,4439.487179,4237.948717,4233.846153,4489.230769,4232.307692,4646.666666,4001.025641,4091.794871
50,4428.205128,4515.897435,4540.000000,4298.461538,4500.512820,4208.205128,4430.769230,4235.897435,4232.307692,4491.794871,4235.897435,4647.692307,4002.051282,4094.871794
51,4430.256410,4525.641025,4540.512820,4300.000000,4508.717948,4209.743589,4427.179487,4238.461538,4233.333333,4487.179487,4244.102564,4650.769230,4002.564102,4095.897435
52,4429.230769,4522.564102,4539.487179,4303.076923,4505.128205,4202.051282,4427.179487,4233.333333,4231.794871,4478.974358,4243.589743,4653.333333,4000.512820,4094.358974
53,4430.256410,4518.461538,4539.487179,4305.641025,4503.589743,4200.000000,4427.692307,4229.230769,4228.205128,4475.897435,4242.051282,4654.358974,3999.487180,4095.384615
54,4430.769230,4521.025641,4540.512820,4303.589743,4507.179487,4203.589743,4427.692307,4231.282051,4223.589743,4477.948717,4240.512820,4651.282051,3995.897436,4096.923076
55,4425.641025,4518.461538,4537.948717,4298.974358,4505.128205,4200.512820,4426.153846,4226.666666,4216.410256,4473.333333,4230.256410,4642.564102,3985.128206,4092.307692
56,4424.102564,4517.948717,4535.384615,4302.051282,4502.564102,4198.461538,4425.641025,4223.589743,4213.333333,4468.717948,4226.153846,4638.461538,3982.051283,4087.179487
57,4429.230769,4524.615384,4537.435897,4309.230769,4506.153846,4204.615384,4429.230769,4230.256410,4222.051282,4478.461538,4232.307692,4645.641025,3993.333334,4091.282051
58,4431.282051,4524.615384,4540.000000,4308.205128,4505.641025,4210.256410,4432.307692,4231.794871,4229.230769,4484.102564,4234.871794,4650.769230,4001.538461,4098.461538
59,4429.743589,4521.538461,4538.461538,4302.051282,4504.102564,4207.179487,4429.230769,4229.230769,4224.615384,4480.512820,4234.871794,4649.230769,3997.948718,4099.487179
60,4429.743589,4520.512820,4536.410256,4297.435897,4505.641025,4202.564102,4433.333333,4230.769230,4223.589743,4484.102564,4234.871794,4648.205128,3996.410257,4096.410256
61,4429.743589,4520.512820,4538.461538,4294.358974,4501.025641,4203.589743,4443.589743,4233.846153,4231.794871,4492.820512,4234.358974,4650.256410,3998.461539,4094.871794
62,4430.769230,4521.538461,4537.948717,4287.692307,4500.000000,4206.666666,4442.051282,4235.897435,4234.871794,4501.025641,4229.230769,4648.205128,3996.923077,4095.384615
63,4428.205128,4519.487179,4529.743589,4276.410256,4502.051282,4206.666666,4434.358974,4233.333333,4229.230769,4506.666666,4216.923076,4638.974358,3989.743590,4090.769230
64,4417.948717,4511.282051,4523.589743,4269.743589,4496.923076,4204.615384,4434.358974,4230.769230,4224.102564,4513.846153,4206.666666,4633.333333,3984.615385,4083.076923
65,4412.820512,4507.179487,4524.102564,4262.564102,4493.333333,4203.076923,4436.923076,4233.333333,4222.051282,4523.076923,4201.538461,4633.846153,3984.615385,4077.435897
66,4412.307692,4508.717948,4523.589743,4250.256410,4494.358974,4201.025641,4431.282051,4229.743589,4214.871794,4522.564102,4194.358974,4627.692307,3984.102565,4071.794871
67,4406.666666,4508.717948,4517.948717,4243.589743,4491.794871,4200.000000,4425.641025,4217.948717,4210.256410,4513.846153,4183.076923,4618.974358,3977.435898,4061.538461
68,4403.589743,4507.179487,4516.923076,4241.025641,4490.256410,4196.923076,4427.179487,4216.923076,4212.820512,4516.410256,4181.025641,4624.615384,3971.282052,4056.923076
69,4401.538461,4506.666666,4521.538461,4235.897435,4488.205128,4191.794871,4426.153846,4221.025641,4209.230769,4522.051282,4182.051282,4630.769230,3973.333334,4058.461538
70,4395.897435,4506.153846,4518.974358,4230.256410,4480.512820,4185.641025,4418.461538,4217.948717,4201.025641,4517.435897,4175.384615,4623.076923,3973.846154,4051.794871
71,4391.282051,4505.128205,4511.794871,4228.205128,4481.025641,4183.076923,4415.897435,4211.794871,4204.615384,4516.923076,4169.743589,4619.487179,3970.256411,4046.153846
72,4393.846153,4507.179487,4514.358974,4231.282051,4490.256410,4190.256410,4422.564102,4214.358974,4215.384615,4527.692307,4175.384615,4625.641025,3972.820513,4051.282051
73,4401.538461,4518.461538,4528.205128,4241.538461,4497.435897,4200.512820,4429.230769,4221.538461,4217.948717,4537.435897,4190.769230,4635.897435,3987.179488,4061.025641
74,4411.282051,4528.717948,4540.512820,4251.794871,4504.102564,4204.615384,4431.794871,4224.615384,4220.000000,4540.512820,4202.051282,4645.641025,4000.512820,4067.179487
75,4412.820512,4527.179487,4536.410256,4250.769230,4508.205128,4203.076923,4429.743589,4218.461538,4220.512820,4537.435897,4194.871794,4645.128205,3998.461539,4065.128205
76,4403.589743,4523.076923,4525.128205,4247.179487,4502.051282,4200.000000,4426.153846,4212.307692,4215.384615,4531.282051,4182.564102,4636.923076,3991.282052,4056.923076
77,4397.948717,4523.589743,4525.128205,4246.666666,4494.358974,4196.923076,4426.153846,4215.384615,4214.358974,4531.794871,4187.692307,4635.384615,3992.820513,4054.871794
78,4397.948717,4523.076923,4530.256410,4245.641025,4494.358974,4197.948717,4425.641025,4218.461538,4217.948717,4537.435897,4200.000000,4641.538461,4000.000000,4060.000000
79,4398.974358,4522.564102,4527.692307,4246.666666,4495.384615,4198.974358,4424.102564,4218.461538,4220.000000,4535.897435,4197.435897,4645.128205,3998.974359,4057.435897
80,4398.974358,4523.589743,4524.102564,4247.179487,4492.307692,4191.282051,4426.666666,4218.974358,4216.923076,4526.666666,4194.358974,4641.025641,3993.846154,4050.256410
81,4397.435897,4522.051282,4522.564102,4245.128205,4490.769230,4184.615384,4426.666666,4221.025641,4214.358974,4521.538461,4196.410256,4635.897435,3992.820513,4050.256410
82,4396.923076,4521.538461,4521.025641,4244.615384,4492.307692,4186.666666,4420.000000,4221.538461,4217.948717,4524.615384,4195.897435,4637.435897,3991.794872,4048.717948
83,4396.923076,4524.102564,4523.076923,4247.179487,4493.846153,4194.358974,4420.000000,4219.487179,4218.974358,4528.717948,4193.846153,4638.461538,3992.307693,4045.641025
84,4396.410256,4526.153846,4523.589743,4249.230769,4496.410256,4200.000000,4427.692307,4217.435897,4214.358974,4528.205128,4190.769230,4634.871794,3994.871795,4043.589743
85,4393.846153,4524.615384,4521.025641,4247.692307,4495.897435,4201.025641,4428.717948,4217.948717,4215.384615,4523.076923,4186.666666,4632.307692,3993.846154,4038.974358
86,4395.897435,4523.589743,4521.538461,4247.179487,4492.307692,4195.897435,4422.051282,4217.435897,4216.923076,4522.564102,4185.641025,4633.333333,3990.769231,4040.000000
87,4395.897435,4523.589743,4522.564102,4248.717948,4492.307692,4190.256410,4415.384615,4211.282051,4208.205128,4524.615384,4188.717948,4633.846153,3991.794872,4044.615384
88,4389.230769,4518.461538,4520.000000,4244.102564,4491.282051,4185.128205,4410.256410,4204.615384,4203.589743,4520.512820,4186.666666,4631.282051,3988.205129,4038.461538
89,4387.179487,4515.897435,4519.487179,4240.512820,4488.717948,4184.615384,4410.256410,4207.179487,4212.307692,4520.000000,4186.153846,4632.307692,3984.102565,4031.794871
90,4391.794871,4520.000000,4522.051282,4245.641025,4490.256410,4190.769230,4415.897435,4215.897435,4217.948717,4526.666666,4187.692307,4641.025641,3989.743590,4040.000000
91,4393.846153,4520.512820,4521.538461,4248.205128,4491.282051,4190.256410,4417.435897,4216.923076,4214.871794,4524.615384,4187.692307,4645.128205,3990.256411,4043.589743
92,4394.358974,4518.461538,4527.692307,4244.615384,4490.769230,4185.128205,4414.358974,4210.769230,4212.820512,4520.512820,4193.846153,4642.564102,3987.179488,4036.410256
93,4397.948717,4521.538461,4533.846153,4252.820512,4493.333333,4190.256410,4414.358974,4209.743589,4216.410256,4524.102564,4199.487179,4647.692307,3994.871795,4038.461538
94,4400.000000,4524.615384,4531.282051,4261.538461,4492.820512,4193.333333,4414.358974,4211.282051,4217.948717,4524.102564,4201.538461,4651.794871,4001.538461,4045.128205
95,4402.564102,4523.076923,4531.282051,4260.000000,4494.358974,4190.769230,4412.307692,4210.256410,4216.923076,4520.000000,4202.564102,4649.230769,3998.974359,4048.205128
96,4404.102564,4523.076923,4536.923076,4260.000000,4500.000000,4193.333333,4412.820512,4212.307692,4220.000000,4522.564102,4202.564102,4648.717948,3998.974359,4049.743589
97,4403.589743,4523.589743,4539.487179,4263.589743,4498.461538,4193.846153,4413.333333,4217.948717,4223.076923,4524.102564,4202.564102,4651.794871,4005.128205,4051.282051
98,4403.589743,4524.102564,4533.333333,4265.641025,4494.871794,4190.769230,4411.282051,4219.487179,4220.000000,4519.487179,4204.615384,4652.307692,4007.179487,4052.307692
99,4400.512820,4522.051282,4528.205128,4262.564102,4499.487179,4190.769230,4411.794871,4213.333333,4216.410256,4519.487179,4203.589743,4648.717948,4001.025641,4049.230769
100,4400.000000,4525.641025,4530.769230,4261.025641,4505.641025,4192.820512,4411.794871,4208.205128,4217.435897,4521.025641,4204.102564,4647.179487,3997.948718,4046.666666
101,4409.230769,4535.897435,4537.948717,4269.230769,4506.153846,4197.435897,4411.794871,4213.846153,4224.615384,4524.102564,4213.333333,4653.333333,4006.153846,4053.333333
102,4413.333333,4541.025641,4540.000000,4275.897435,4508.205128,4202.564102,4420.000000,4227.692307,4234.358974,4532.307692,4220.000000,4660.000000,4015.384615,4061.025641
103,4407.179487,4535.897435,4532.820512,4267.692307,4508.205128,4201.538461,4424.615384,4229.230769,4236.923076,4532.307692,4216.923076,4654.358974,4016.410256,4055.897435
104,4406.666666,4532.820512,4529.743589,4262.564102,4503.076923,4198.461538,4416.410256,4224.102564,4231.282051,4523.589743,4214.871794,4648.717948,4011.282051,4051.282051
105,4411.794871,4537.435897,4533.333333,4272.307692,4503.076923,4197.948717,4410.769230,4221.538461,4229.743589,4519.487179,4215.384615,4652.820512,4007.179487,4054.358974
106,4413.846153,4536.923076,4540.512820,4277.948717,4507.179487,4193.846153,4412.820512,4219.487179,4231.794871,4524.615384,4215.897435,4653.846153,4010.256410,4054.358974
107,4410.256410,4529.230769,4537.948717,4270.256410,4504.615384,4190.256410,4410.769230,4218.461538,4230.256410,4523.589743,4214.871794,4648.205128,4009.230769,4051.794871
108,4403.589743,4521.538461,4527.179487,4262.564102,4494.358974,4186.666666,4409.230769,4213.846153,4221.025641,4511.794871,4206.153846,4643.076923,3994.871795,4046.666666
109,4403.589743,4520.000000,4524.102564,4262.564102,4489.230769,4184.102564,4410.256410,4203.589743,4212.820512,4503.076923,4197.948717,4642.564102,3990.769231,4043.076923
110,4407.692307,4522.051282,4528.205128,4265.128205,4493.333333,4185.641025,4408.717948,4200.000000,4214.871794,4507.179487,4200.000000,4643.589743,3996.923077,4044.102564
111,4405.128205,4523.589743,4528.205128,4264.615384,4493.846153,4185.128205,4409.743589,4208.717948,4217.948717,4510.769230,4201.538461,4641.538461,3992.307693,4044.102564
112,4397.435897,4520.000000,4523.076923,4262.051282,4491.282051,4185.641025,4412.820512,4213.333333,4215.897435,4503.589743,4197.948717,4639.487179,3986.153847,4041.538461
113,4395.897435,4515.384615,4522.564102,4260.000000,4491.282051,4187.692307,4412.820512,4212.820512,4214.358974,4502.051282,4198.461538,4640.000000,3989.230770,4043.589743
114,4396.923076,4515.897435,4524.102564,4258.974358,4491.794871,4184.615384,4412.307692,4213.333333,4215.384615,4506.153846,4202.564102,4640.000000,3989.743590,4042.564102
115,4395.384615,4512.307692,4522.051282,4257.435897,4490.769230,4182.051282,4411.794871,4211.282051,4214.358974,4501.538461,4201.538461,4637.948717,3986.666667,4037.948717
116,4396.410256,4508.717948,4520.512820,4256.410256,4489.743589,4183.076923,4405.641025,4208.717948,4215.897435,4498.974358,4203.589743,4639.487179,3990.256411,4041.025641
117,4400.512820,4516.410256,4522.564102,4260.000000,4490.256410,4183.076923,4402.051282,4211.794871,4218.974358,4506.666666,4211.794871,4643.076923,3996.410257,4046.666666
118,4403.589743,4522.051282,4523.589743,4264.102564,4493.333333,4184.102564,4407.179487,4215.897435,4220.512820,4511.282051,4215.384615,4644.615384,3997.948718,4048.205128
119,4405.128205,4521.538461,4523.076923,4266.153846,4493.846153,4187.692307,4414.358974,4216.410256,4225.128205,4507.179487,4213.846153,4647.692307,3999.487180,4052.820512
120,4411.794871,4522.051282,4526.666666,4270.769230,4492.820512,4187.692307,4414.871794,4217.948717,4227.692307,4506.153846,4214.358974,4648.717948,4002.564102,4058.461538
121,4414.871794,4526.666666,4529.230769,4277.435897,4497.948717,4190.769230,4416.410256,4218.974358,4224.615384,4508.205128,4216.410256,4647.179487,3998.974359,4057.435897
122,4411.794871,4530.256410,4527.692307,4278.974358,4503.589743,4198.974358,4424.102564,4216.923076,4226.666666,4505.641025,4215.384615,4646.666666,3994.871795,4055.897435
123,4410.769230,4528.205128,4531.794871,4277.948717,4503.589743,4196.410256,4424.102564,4217.948717,4232.307692,4502.564102,4215.897435,4650.256410,3997.435898,4057.948717
124,4415.384615,4523.589743,4538.461538,4278.461538,4504.102564,4188.717948,4417.435897,4220.512820,4232.307692,4508.205128,4218.974358,4653.333333,4002.564102,4060.000000
125,4417.435897,4524.615384,4537.435897,4276.923076,4502.051282,4186.153846,4415.897435,4217.948717,4228.717948,4509.230769,4220.000000,4651.282051,4002.564102,4060.000000
126,4413.846153,4526.153846,4531.794871,4276.410256,4498.461538,4190.256410,4418.974358,4216.410256,4226.153846,4497.948717,4218.974358,4645.641025,3995.384616,4055.897435
127,4411.282051,4524.615384,4529.230769,4278.461538,4499.487179,4194.358974,4418.461538,4215.384615,4219.487179,4490.256410,4215.897435,4644.102564,3987.179488,4053.333333
128,4415.384615,4526.153846,4532.307692,4280.512820,4506.153846,4195.384615,4420.512820,4208.717948,4216.923076,4492.307692,4215.384615,4648.717948,3989.230770,4058.974358
129,4421.025641,4525.641025,4538.461538,4281.025641,4508.205128,4190.769230,4421.538461,4206.153846,4218.974358,4493.333333,4215.384615,4651.794871,3992.820513,4062.051282
130,4422.051282,4522.564102,4537.948717,4281.025641,4496.923076,4184.615384,4414.871794,4211.282051,4216.923076,4490.256410,4211.794871,4648.717948,3986.666667,4055.897435
131,4420.512820,4522.564102,4536.923076,4280.512820,4491.282051,4187.179487,4418.974358,4215.384615,4215.384615,4491.282051,4213.333333,4649.230769,3986.153847,4056.410256
132,4416.923076,4522.564102,4538.974358,4278.461538,4497.948717,4192.307692,4427.692307,4214.358974,4217.948717,4488.717948,4213.333333,4650.256410,3985.641026,4058.461538
133,4411.282051,4521.025641,4534.358974,4278.461538,4497.948717,4190.769230,4420.512820,4206.153846,4209.743589,4478.461538,4202.051282,4642.564102,3975.897436,4052.307692
134,4410.769230,4520.000000,4534.358974,4280.512820,4490.256410,4185.128205,4412.307692,4198.974358,4201.025641,4473.333333,4200.512820,4638.974358,3971.794872,4051.794871
135,4415.897435,4523.076923,4540.512820,4283.076923,4493.846153,4186.153846,4416.923076,4202.564102,4208.205128,4476.410256,4213.846153,4648.717948,3977.435898,4058.974358
136,4415.384615,4520.512820,4535.384615,4282.564102,4499.487179,4190.256410,4419.487179,4207.179487,4212.307692,4477.435897,4211.282051,4648.717948,3978.461539,4056.410256
137,4406.666666,4508.205128,4520.512820,4276.410256,4491.794871,4185.128205,4412.820512,4199.487179,4202.564102,4472.820512,4196.923076,4633.333333,3972.307693,4046.153846
138,4403.076923,4505.128205,4516.923076,4274.871794,4486.666666,4181.538461,4409.230769,4196.410256,4198.974358,4471.282051,4195.384615,4626.666666,3970.256411,4042.051282
139,4410.256410,4516.923076,4523.076923,4278.974358,4494.358974,4186.666666,4413.846153,4202.564102,4208.205128,4474.871794,4202.564102,4634.871794,3973.846154,4046.666666
140,4414.871794,4523.589743,4525.641025,4280.000000,4499.487179,4187.692307,4415.897435,4203.589743,4211.282051,4475.384615,4208.717948,4640.512820,3974.358975,4054.871794
141,4416.410256,4521.025641,4524.102564,4279.487179,4497.948717,4184.102564,4415.897435,4200.512820,4209.743589,4473.333333,4213.846153,4640.000000,3973.846154,4057.948717
142,4422.564102,4523.076923,4526.666666,4285.641025,4500.512820,4189.743589,4422.564102,4207.179487,4214.358974,4474.871794,4215.897435,4641.538461,3982.051283,4057.435897
143,4430.256410,4528.205128,4536.410256,4293.846153,4506.153846,4194.871794,4426.153846,4215.897435,4218.974358,4478.974358,4216.410256,4646.666666,3987.692308,4061.025641
144,4428.717948,4526.666666,4538.461538,4295.384615,4507.179487,4188.717948,4416.923076,4209.230769,4218.974358,4478.974358,4218.461538,4649.743589,3980.512821,4065.128205
145,4421.538461,4523.589743,4530.769230,4291.794871,4502.564102,4184.615384,4410.256410,4198.974358,4211.794871,4473.846153,4215.897435,4648.717948,3976.410257,4062.564102
146,4418.461538,4523.589743,4529.743589,4289.743589,4493.846153,4187.179487,4411.794871,4197.435897,4205.128205,4471.794871,4207.692307,4645.641025,3976.923077,4059.487179
147,4420.512820,4524.615384,4530.256410,4292.820512,4492.820512,4186.153846,4412.820512,4198.974358,4205.128205,4473.846153,4209.230769,4645.641025,3973.333334,4060.512820
148,4422.564102,4524.615384,4524.615384,4292.820512,4499.487179,4184.102564,4412.307692,4196.923076,4206.666666,4468.717948,4213.333333,4646.153846,3973.333334,4062.051282
149,4416.923076,4520.000000,4523.076923,4285.641025,4497.948717,4186.666666,4412.307692,4195.384615,4201.538461,4459.487179,4206.666666,4641.538461,3974.871795,4060.000000
150,4409.743589,4509.230769,4523.589743,4282.564102,4489.743589,4186.153846,4413.333333,4195.897435,4200.512820,4464.102564,4204.102564,4638.974358,3969.230770,4057.948717
151,4415.384615,4504.615384,4523.589743,4283.076923,4488.717948,4183.589743,4421.538461,4200.512820,4210.769230,4475.897435,4212.820512,4641.538461,3968.717949,4056.923076
152,4428.205128,4516.410256,4531.794871,4287.179487,4496.410256,4191.794871,4428.205128,4210.769230,4218.974358,4477.948717,4218.461538,4647.179487,3979.487180,4062.051282
153,4429.743589,4525.641025,4540.000000,4292.820512,4502.051282,4200.512820,4429.230769,4216.923076,4218.974358,4474.871794,4217.948717,4650.256410,3984.102565,4073.333333
154,4424.615384,4522.564102,4536.410256,4294.358974,4500.000000,4196.410256,4426.666666,4215.897435,4215.897435,4474.871794,4215.897435,4647.692307,3981.538462,4074.358974
155,4433.333333,4525.641025,4535.897435,4293.333333,4499.487179,4193.846153,4425.641025,4213.846153,4218.974358,4474.358974,4216.923076,4648.205128,3984.102565,4071.794871
156,4445.128205,4535.897435,4545.128205,4301.538461,4508.717948,4203.076923,4434.871794,4217.435897,4229.743589,4476.923076,4227.692307,4657.948717,3989.743590,4081.025641
157,4446.666666,4542.564102,4547.692307,4310.769230,4511.794871,4206.153846,4445.641025,4222.051282,4234.871794,4486.153846,4234.871794,4663.589743,3991.282052,4089.230769
158,4440.512820,4536.923076,4542.051282,4304.615384,4506.666666,4201.025641,4438.974358,4216.923076,4226.666666,4488.717948,4228.205128,4654.358974,3989.743590,4082.564102
159,4434.871794,4526.153846,4535.384615,4295.384615,4505.128205,4197.948717,4426.666666,4205.641025,4218.461538,4480.000000,4227.179487,4645.641025,3987.179488,4073.333333
160,4436.410256,4527.179487,4532.307692,4296.410256,4504.615384,4195.897435,4426.666666,4203.589743,4220.512820,4472.820512,4230.769230,4645.641025,3988.205129,4075.897435
161,4442.051282,4536.410256,4534.871794,4302.564102,4506.666666,4197.435897,4429.230769,4209.743589,4223.589743,4475.897435,4232.307692,4651.282051,3997.948718,4087.692307
162,4444.102564,4537.948717,4538.461538,4304.102564,4509.743589,4201.025641,4427.692307,4212.307692,4227.692307,4485.641025,4238.461538,4654.871794,4007.179487,4094.358974
163,4442.564102,4534.358974,4537.435897,4301.025641,4507.179487,4200.512820,4427.692307,4212.820512,4229.230769,4488.205128,4239.487179,4652.307692,4004.615384,4087.179487
164,4442.051282,4536.410256,4535.897435,4301.025641,4506.666666,4198.461538,4429.230769,4214.871794,4224.102564,4480.000000,4233.333333,4650.769230,3995.897436,4082.564102
165,4440.512820,4535.897435,4537.948717,4304.102564,4507.179487,4200.512820,4429.743589,4215.384615,4220.000000,4478.461538,4232.307692,4651.282051,3993.846154,4084.615384
166,4441.025641,4532.307692,4537.948717,4302.051282,4504.615384,4200.512820,4428.205128,4212.820512,4223.589743,4481.025641,4235.384615,4652.820512,3997.948718,4084.102564
167,4440.000000,4528.717948,4533.846153,4295.897435,4506.153846,4192.820512,4427.179487,4210.256410,4222.564102,4477.435897,4234.871794,4651.794871,3995.384616,4083.076923
168,4435.384615,4523.589743,4530.769230,4293.846153,4503.589743,4187.692307,4427.179487,4206.666666,4216.410256,4480.000000,4230.769230,4650.256410,3988.205129,4083.076923
169,4438.974358,4522.564102,4533.333333,4290.769230,4495.384615,4188.205128,4428.205128,4207.179487,4218.461538,4490.256410,4226.666666,4651.282051,3989.743590,4084.102564
170,4444.102564,4523.589743,4537.948717,4282.564102,4498.461538,4188.717948,4428.717948,4209.743589,4219.487179,4493.846153,4220.000000,4653.333333,3992.307693,4083.076923
171,4436.410256,4523.589743,4538.974358,4277.948717,4501.025641,4185.128205,4427.179487,4206.666666,4216.410256,4497.948717,4215.897435,4651.282051,3986.153847,4077.435897
172,4428.205128,4523.589743,4533.846153,4271.794871,4493.846153,4186.666666,4426.153846,4207.179487,4217.435897,4510.769230,4215.897435,4647.179487,3985.641026,4074.871794
173,4427.179487,4523.589743,4527.692307,4264.615384,4493.333333,4192.820512,4428.717948,4215.384615,4218.974358,4518.461538,4211.282051,4645.128205,3990.256411,4076.923076
174,4421.538461,4525.128205,4527.692307,4261.538461,4499.487179,4192.820512,4431.282051,4218.461538,4219.487179,4521.025641,4199.487179,4642.564102,3989.230770,4073.333333
175,4414.358974,4525.128205,4526.666666,4253.846153,4495.897435,4188.205128,4426.666666,4208.205128,4215.897435,4521.538461,4187.179487,4638.461538,3984.102565,4063.076923
176,4408.717948,4520.000000,4520.000000,4243.589743,4487.692307,4182.051282,4421.025641,4198.974358,4213.846153,4521.025641,4184.615384,4635.897435,3978.974359,4057.435897
177,4403.076923,4522.564102,4519.487179,4245.641025,4491.794871,4183.589743,4423.589743,4205.641025,4215.384615,4526.666666,4186.666666,4637.435897,3980.000000,4057.948717
178,4404.102564,4535.384615,4523.589743,4250.256410,4503.076923,4191.282051,4430.769230,4216.410256,4219.487179,4535.384615,4185.641025,4641.538461,3989.743590,4058.974358
179,4406.666666,4538.461538,4523.076923,4248.717948,4504.102564,4191.282051,4432.307692,4215.897435,4218.974358,4534.358974,4183.076923,4641.538461,3988.205129,4055.384615
180,4402.051282,4528.205128,4524.102564,4247.692307,4498.974358,4190.256410,4429.743589,4206.153846,4216.923076,4525.641025,4184.615384,4637.435897,3980.000000,4049.743589
181,4397.948717,4523.076923,4524.615384,4247.179487,4498.974358,4194.358974,4429.230769,4201.538461,4212.820512,4524.615384,4180.512820,4633.846153,3983.076924,4046.666666
182,4398.461538,4526.153846,4521.538461,4247.692307,4501.025641,4194.358974,4429.743589,4202.051282,4206.153846,4526.153846,4175.384615,4633.846153,3985.128206,4045.641025
183,4396.923076,4529.230769,4522.564102,4248.717948,4499.487179,4186.153846,4428.205128,4200.512820,4203.589743,4522.564102,4180.000000,4637.435897,3976.410257,4044.102564
184,4395.897435,4528.205128,4522.564102,4245.641025,4496.923076,4185.128205,4426.153846,4200.000000,4203.589743,4518.461538,4177.948717,4639.487179,3973.333334,4040.000000
185,4395.384615,4525.128205,4520.000000,4240.000000,4494.358974,4188.205128,4426.153846,4198.461538,4202.051282,4513.846153,4171.282051,4635.384615,3975.897436,4036.410256
186,4394.871794,4522.564102,4520.512820,4240.512820,4489.743589,4184.102564,4426.666666,4196.410256,4197.948717,4514.358974,4177.948717,4631.282051,3976.923077,4034.871794
187,4396.410256,4526.666666,4523.076923,4245.128205,4489.743589,4185.128205,4427.179487,4202.564102,4204.615384,4522.051282,4188.205128,4637.435897,3984.615385,4037.948717
188,4398.974358,4535.384615,4525.128205,4247.179487,4497.948717,4191.794871,4429.743589,4210.769230,4217.435897,4524.102564,4187.179487,4648.205128,3990.256411,4043.589743
189,4397.435897,4540.000000,4526.153846,4248.205128,4501.538461,4192.820512,4430.769230,4206.153846,4215.897435,4522.051282,4186.153846,4650.256410,3987.179488,4045.128205
190,4396.923076,4538.461538,4526.666666,4248.205128,4497.948717,4188.717948,4429.743589,4204.615384,4209.743589,4521.538461,4188.205128,4646.666666,3985.641026,4041.025641
191,4397.435897,4534.871794,4526.153846,4246.666666,4496.923076,4189.230769,4433.846153,4213.333333,4211.794871,4521.538461,4188.205128,4646.666666,3988.205129,4037.435897
192,4391.282051,4527.179487,4525.128205,4247.179487,4496.410256,4189.230769,4432.307692,4209.230769,4214.358974,4522.051282,4187.179487,4645.641025,3988.717949,4036.410256
193,4390.256410,4525.641025,4523.589743,4246.666666,4491.282051,4185.641025,4427.179487,4201.538461,4212.820512,4523.076923,4185.641025,4643.589743,3987.179488,4036.923076
194,4396.923076,4531.794871,4523.076923,4245.641025,4491.794871,4185.641025,4434.358974,4213.333333,4215.897435,4523.076923,4185.641025,4645.641025,3987.692308,4040.512820
195,4394.358974,4530.256410,4523.076923,4246.666666,4494.871794,4188.717948,4438.461538,4220.512820,4217.948717,4523.076923,4189.230769,4645.641025,3990.769231,4040.512820
196,4386.666666,4523.589743,4521.538461,4246.666666,4496.923076,4188.717948,4432.307692,4213.333333,4214.871794,4522.564102,4190.256410,4644.102564,3992.307693,4035.897435
197,4392.307692,4526.153846,4522.051282,4246.666666,4501.538461,4190.256410,4437.435897,4212.820512,4216.410256,4524.102564,4188.717948,4647.179487,3992.307693,4038.461538
198,4400.512820,4531.282051,4524.615384,4248.717948,4504.102564,4193.333333,4443.589743,4217.948717,4218.974358,4527.179487,4196.410256,4649.743589,3993.333334,4044.102564
199,4394.358974,4527.179487,4525.128205,4248.205128,4497.948717,4189.230769,4432.307692,4214.871794,4214.358974,4526.666666,4197.948717,4646.153846,3991.282052,4038.974358
200,4390.256410,4523.589743,4522.564102,4246.666666,4493.333333,4184.615384,4425.641025,4207.692307,4210.769230,4520.512820,4189.230769,4644.615384,3990.256411,4035.897435
201,4395.384615,4531.282051,4524.102564,4252.307692,4498.461538,4189.230769,4430.769230,4206.666666,4215.384615,4521.025641,4193.846153,4648.205128,3995.897436,4043.076923
202,4397.435897,4536.410256,4525.641025,4255.384615,4499.487179,4190.256410,4429.230769,4205.641025,4214.358974,4519.487179,4198.461538,4648.205128,3995.897436,4042.051282
203,4395.897435,4531.282051,4522.564102,4254.871794,4492.307692,4185.641025,4425.128205,4201.538461,4207.179487,4511.794871,4191.282051,4644.615384,3988.717949,4034.871794
204,4396.923076,4532.307692,4528.205128,4260.000000,4495.897435,4187.692307,4425.641025,4203.076923,4209.230769,4508.717948,4192.820512,4646.153846,3987.179488,4040.000000
205,4401.025641,4538.974358,4535.384615,4265.641025,4506.666666,4193.846153,4428.717948,4210.769230,4215.897435,4512.820512,4202.564102,4649.743589,3991.282052,4046.153846
206,4402.564102,4539.487179,4532.820512,4266.666666,4507.692307,4198.461538,4432.307692,4215.897435,4217.435897,4516.410256,4203.589743,4650.256410,3994.871795,4046.153846
207,4400.512820,4536.410256,4527.692307,4265.128205,4501.025641,4198.461538,4432.307692,4214.358974,4217.435897,4510.769230,4198.461538,4648.205128,3994.871795,4042.564102
208,4396.923076,4529.230769,4523.589743,4261.538461,4496.923076,4191.282051,4429.743589,4210.256410,4215.897435,4504.615384,4192.307692,4643.589743,3988.717949,4038.974358
209,4397.435897,4522.564102,4527.179487,4261.538461,4495.384615,4186.153846,4431.282051,4211.282051,4215.384615,4507.692307,4193.846153,4644.615384,3985.128206,4040.000000
210,4398.461538,4522.564102,4533.333333,4264.615384,4495.384615,4188.205128,4434.871794,4217.948717,4218.461538,4509.743589,4201.538461,4648.205128,3988.717949,4038.974358
211,4395.384615,4528.205128,4530.256410,4262.051282,4497.435897,4193.333333,4435.384615,4219.487179,4217.948717,4513.846153,4202.051282,4647.179487,3990.256411,4036.923076
212,4398.974358,4534.358974,4530.769230,4262.051282,4503.076923,4195.384615,4433.333333,4215.897435,4218.461538,4519.487179,4200.512820,4649.743589,3990.256411,4042.051282
213,4409.230769,4537.948717,4535.384615,4268.205128,4506.153846,4195.897435,4437.435897,4216.923076,4222.051282,4520.000000,4204.102564,4655.897435,3995.384616,4045.641025
214,4408.205128,4534.871794,4533.846153,4267.692307,4503.589743,4194.871794,4440.000000,4216.923076,4218.974358,4511.282051,4203.589743,4653.333333,3995.897436,4042.564102
215,4401.538461,4534.358974,4531.794871,4262.564102,4504.102564,4191.282051,4435.897435,4215.384615,4213.333333,4508.205128,4199.487179,4648.205128,3989.743590,4042.051282
216,4404.615384,4538.461538,4537.948717,4268.205128,4506.153846,4192.820512,4435.384615,4215.897435,4222.051282,4516.410256,4203.589743,4653.333333,3992.820513,4046.153846
217,4412.820512,4541.538461,4539.487179,4274.358974,4506.666666,4198.461538,4443.076923,4218.974358,4229.743589,4518.974358,4214.358974,4660.512820,4003.076923,4051.794871
218,4413.846153,4540.512820,4539.487179,4271.282051,4508.205128,4197.435897,4444.615384,4220.000000,4224.102564,4516.923076,4217.948717,4663.076923,4005.641025,4058.974358
219,4412.820512,4536.923076,4541.025641,4269.743589,4506.666666,4188.717948,4434.871794,4215.384615,4220.512820,4517.435897,4213.846153,4662.564102,4005.641025,4060.000000
220,4412.307692,4538.461538,4537.435897,4272.820512,4506.153846,4189.743589,4430.769230,4212.307692,4221.538461,4515.897435,4215.897435,4660.000000,4010.256410,4055.897435
221,4413.846153,4541.538461,4536.923076,4274.871794,4507.179487,4197.948717,4437.948717,4215.897435,4223.589743,4513.333333,4218.974358,4656.410256,4008.205128,4055.897435
222,4413.333333,4539.487179,4538.461538,4273.846153,4507.179487,4195.897435,4442.051282,4215.384615,4224.102564,4513.846153,4215.384615,4655.384615,4002.051282,4057.948717
223,4412.820512,4537.948717,4538.974358,4274.871794,4507.179487,4194.871794,4441.025641,4216.923076,4226.153846,4517.948717,4214.871794,4657.435897,4003.589743,4060.000000
224,4417.435897,4541.025641,4541.025641,4278.461538,4506.666666,4196.923076,4442.564102,4225.641025,4229.743589,4519.487179,4216.923076,4661.025641,4006.153846,4060.512820
225,4416.923076,4537.948717,4538.974358,4279.487179,4505.641025,4192.820512,4441.025641,4225.128205,4231.282051,4520.512820,4216.923076,4660.512820,4003.589743,4058.461538
226,4416.410256,4535.384615,4535.897435,4279.487179,4504.615384,4189.743589,4437.435897,4221.538461,4230.769230,4520.000000,4220.512820,4660.512820,4004.615384,4061.538461
227,4425.128205,4542.051282,4544.102564,4282.051282,4507.179487,4196.410256,4440.512820,4226.153846,4230.769230,4522.051282,4229.230769,4666.666666,4012.307692,4068.717948
228,4428.205128,4543.589743,4553.333333,4285.128205,4509.230769,4202.051282,4442.564102,4225.128205,4234.358974,4523.076923,4231.282051,4670.769230,4012.820512,4070.769230
229,4423.076923,4536.923076,4547.692307,4281.025641,4507.179487,4200.000000,4438.974358,4217.435897,4231.794871,4513.846153,4222.564102,4667.692307,4005.128205,4063.589743
230,4420.512820,4536.923076,4539.487179,4279.487179,4504.615384,4195.897435,4438.461538,4213.333333,4223.589743,4503.589743,4216.923076,4660.512820,4001.025641,4059.487179
231,4417.948717,4538.461538,4539.487179,4282.051282,4505.641025,4192.820512,4438.461538,4210.256410,4218.461538,4498.461538,4218.461538,4654.358974,4001.538461,4059.487179
232,4413.846153,4534.871794,4541.538461,4280.512820,4505.641025,4191.282051,4434.358974,4208.717948,4215.384615,4502.051282,4217.948717,4654.871794,4001.025641,4057.948717
233,4410.769230,4536.410256,4539.487179,4280.000000,4505.128205,4193.846153,4436.923076,4215.897435,4219.487179,4509.743589,4218.974358,4660.000000,4003.076923,4062.564102
234,4401.025641,4540.512820,4538.461538,4283.589743,4507.692307,4198.461538,4442.564102,4217.948717,4228.205128,4508.717948,4225.128205,4659.487179,4006.666666,4068.205128
235,4391.794871,4538.461538,4538.461538,4284.102564,4508.717948,4200.512820,4440.512820,4215.384615,4226.666666,4500.512820,4223.076923,4656.923076,4002.564102,4064.615384
236,4393.846153,4537.948717,4536.410256,4285.641025,4507.179487,4193.846153,4434.358974,4215.384615,4218.974358,4495.384615,4215.384615,4655.384615,3997.435898,4058.974358
237,4402.564102,4534.871794,4532.307692,4286.666666,4505.641025,4184.102564,4431.282051,4212.820512,4216.923076,4494.358974,4214.358974,4651.282051,3993.846154,4057.435897
238,4412.820512,4526.666666,4533.846153,4283.589743,4505.641025,4185.641025,4429.743589,4212.820512,4220.000000,4502.051282,4217.435897,4651.282051,3992.820513,4058.974358
239,4417.948717,4528.717948,4536.923076,4285.128205,4506.666666,4193.846153,4431.282051,4214.871794,4224.615384,4508.717948,4222.051282,4655.897435,3997.948718,4061.538461
240,4419.487179,4537.435897,4536.410256,4289.230769,4506.153846,4197.948717,4435.897435,4213.846153,4227.179487,4498.461538,4229.230769,4656.410256,4002.564102,4065.641025
241,4424.102564,4538.974358,4537.948717,4289.230769,4505.641025,4198.974358,4440.512820,4215.897435,4226.666666,4494.358974,4231.794871,4658.974358,4004.102564,4070.256410
242,4427.692307,4535.897435,4540.512820,4289.230769,4506.666666,4198.461538,4443.589743,4220.512820,4228.717948,4505.128205,4231.794871,4663.589743,4007.179487,4075.897435
243,4428.205128,4537.948717,4539.487179,4289.230769,4508.717948,4198.974358,4444.615384,4220.512820,4233.333333,4509.230769,4234.871794,4663.589743,4009.743589,4076.923076
244,4429.743589,4538.461538,4536.923076,4287.692307,4507.692307,4202.051282,4443.589743,4224.102564,4239.487179,4508.205128,4236.923076,4663.589743,4011.282051,4075.384615
245,4428.205128,4535.384615,4540.000000,4289.230769,4506.153846,4200.000000,4444.102564,4227.692307,4243.589743,4513.333333,4235.897435,4665.128205,4010.769230,4076.410256
246,4426.666666,4534.358974,4543.076923,4292.307692,4506.153846,4194.358974,4444.102564,4220.512820,4238.974358,4510.769230,4234.358974,4664.102564,4006.666666,4077.435897
247,4431.794871,4535.897435,4542.051282,4292.820512,4505.641025,4193.846153,4443.076923,4218.461538,4235.384615,4503.076923,4238.461538,4665.128205,4006.153846,4083.076923
248,4433.846153,4537.948717,4545.641025,4294.871794,4505.128205,4200.000000,4445.128205,4231.282051,4239.487179,4507.179487,4241.538461,4669.230769,4010.769230,4088.717948
249,4429.230769,4536.410256,4548.205128,4294.358974,4505.128205,4200.000000,4447.179487,4235.384615,4241.025641,4507.692307,4235.897435,4667.179487,4005.128205,4084.615384
250,4432.820512,4536.410256,4546.666666,4292.307692,4505.641025,4197.435897,4446.153846,4226.666666,4237.948717,4502.051282,4235.384615,4664.615384,4003.076923,4083.076923
251,4443.589743,4539.487179,4548.205128,4295.897435,4507.179487,4199.487179,4443.589743,4228.205128,4235.897435,4506.153846,4247.692307,4669.743589,4014.358974,4090.256410
252,4444.102564,4543.076923,4548.717948,4298.974358,4508.717948,4200.000000,4444.102564,4232.307692,4235.897435,4509.743589,4251.794871,4671.282051,4016.410256,4094.871794
253,4434.871794,4538.461538,4541.025641,4296.923076,4506.666666,4198.974358,4444.615384,4223.589743,4236.410256,4496.923076,4240.000000,4662.051282,4004.615384,4088.205128
254,4427.179487,4530.769230,4535.897435,4292.820512,4504.615384,4198.461538,4443.589743,4215.384615,4232.307692,4487.692307,4230.256410,4649.743589,3999.487180,4075.897435
255,4426.666666,4532.307692,4538.974358,4291.282051,4505.128205,4199.487179,4445.128205,4217.435897,4227.692307,4495.897435,4227.692307,4646.666666,4001.025641,4072.820512
256,4435.384615,4537.948717,4539.487179,4294.358974,4506.666666,4201.025641,4447.179487,4220.000000,4232.820512,4501.025641,4234.358974,4651.794871,4005.128205,4085.641025
257,4444.102564,4540.512820,4540.000000,4299.487179,4507.179487,4200.512820,4445.128205,4218.974358,4234.871794,4502.051282,4244.102564,4652.820512,4009.230769,4093.333333
258,4443.076923,4543.076923,4540.000000,4300.512820,4508.717948,4200.000000,4441.538461,4216.410256,4231.282051,4504.102564,4242.051282,4648.205128,4009.230769,4086.666666
259,4441.025641,4543.589743,4538.974358,4297.435897,4509.230769,4199.487179,4442.564102,4208.717948,4231.282051,4497.948717,4234.871794,4645.128205,4005.641025,4085.128205
