,AF3,F7,F3,FC5,T7,P7,O1,O2,P8,T8,FC6,F4,F8,AF4
0,4392.820512,4514.358974,4530.769230,4275.897435,4460.000000,4154.871794,4447.179487,4195.897435,4237.435897,4498.461538,4193.846153,4630.769230,3970.769231,4023.589743
1,4398.974358,4522.564102,4536.410256,4280.000000,4456.410256,4153.333333,4448.205128,4200.512820,4243.589743,4506.666666,4209.743589,4634.871794,3988.717949,4034.358974
2,4392.820512,4522.564102,4532.820512,4276.923076,4448.205128,4149.230769,4444.615384,4200.512820,4246.153846,4508.205128,4210.769230,4634.871794,3997.948718,4037.948717
3,4392.307692,4520.512820,4536.923076,4267.179487,4450.256410,4149.230769,4447.692307,4200.000000,4249.743589,4518.461538,4215.384615,4638.461538,4000.000000,4038.974358
4,4400.512820,4525.641025,4547.692307,4271.282051,4458.461538,4152.307692,4460.000000,4191.282051,4247.179487,4525.128205,4223.076923,4647.179487,4007.179487,4045.641025
5,4405.128205,4525.641025,4551.282051,4282.051282,4462.051282,4154.358974,4456.410256,4179.487179,4235.384615,4518.461538,4217.435897,4651.794871,4012.307692,4047.692307
6,4399.487179,4518.974358,4544.615384,4283.076923,4451.794871,4148.717948,4442.564102,4177.948717,4229.230769,4510.769230,4211.794871,4645.128205,4007.179487,4041.538461
7,4391.794871,4520.000000,4535.897435,4279.487179,4443.589743,4143.589743,4440.512820,4185.128205,4233.333333,4507.179487,4212.820512,4635.384615,3996.410257,4040.000000
8,4387.692307,4521.538461,4528.717948,4270.769230,4449.743589,4148.205128,4442.051282,4186.666666,4233.846153,4502.564102,4204.102564,4629.230769,3989.230770,4035.384615
9,4384.102564,4516.410256,4528.205128,4261.025641,4459.487179,4154.871794,4439.487179,4187.179487,4232.820512,4498.974358,4197.948717,4630.769230,3992.820513,4024.102564
10,4382.564102,4514.871794,4530.769230,4262.564102,4463.076923,4156.410256,4442.564102,4189.230769,4232.307692,4494.358974,4197.948717,4631.794871,3989.230770,4021.538461
11,4381.025641,4518.974358,4528.205128,4265.128205,4456.923076,4150.769230,4444.102564,4185.641025,4228.205128,4487.692307,4183.076923,4622.564102,3967.179488,4025.641025
12,4381.025641,4521.025641,4527.692307,4264.102564,4446.666666,4142.051282,4441.025641,4173.846153,4220.512820,4485.128205,4172.307692,4616.923076,3962.564103,4026.153846
13,4382.564102,4520.512820,4531.282051,4265.128205,4449.230769,4145.641025,4441.538461,4171.794871,4217.435897,4488.717948,4191.282051,4627.179487,3977.948718,4026.666666
14,4381.538461,4520.512820,4530.256410,4259.487179,4454.358974,4151.282051,4444.615384,4176.923076,4225.128205,4500.000000,4209.230769,4634.871794,3982.564103,4026.153846
15,4381.025641,4521.538461,4529.230769,4255.897435,4451.282051,4147.179487,4444.102564,4177.948717,4232.307692,4507.692307,4198.461538,4631.794871,3982.564103,4022.564102
16,4385.641025,4521.538461,4533.333333,4266.153846,4451.794871,4145.128205,4443.076923,4183.589743,4234.871794,4505.128205,4189.230769,4632.307692,3987.179488,4022.564102
17,4388.205128,4522.051282,4534.358974,4272.820512,4450.256410,4144.615384,4442.564102,4192.307692,4234.871794,4505.128205,4200.512820,4636.410256,3983.589744,4022.051282
18,4388.717948,4531.282051,4533.333333,4275.384615,4447.179487,4145.641025,4444.615384,4195.897435,4240.512820,4512.820512,4206.153846,4638.974358,3987.692308,4020.000000
19,4387.692307,4537.948717,4538.461538,4278.974358,4454.358974,4152.820512,4452.307692,4194.358974,4245.641025,4517.948717,4196.923076,4642.564102,3995.384616,4025.128205
20,4383.589743,4526.666666,4532.820512,4268.205128,4454.358974,4150.769230,4449.743589,4188.205128,4241.025641,4510.769230,4191.282051,4641.025641,3981.538462,4022.564102
21,4385.128205,4522.051282,4525.641025,4260.000000,4445.641025,4144.102564,4439.487179,4179.487179,4236.410256,4505.641025,4197.948717,4639.487179,3974.358975,4014.871794
22,4390.769230,4534.358974,4533.333333,4271.282051,4453.333333,4149.743589,4442.051282,4174.358974,4238.974358,4507.179487,4209.230769,4645.641025,3989.743590,4023.589743
23,4390.769230,4536.410256,4538.461538,4280.000000,4461.025641,4155.384615,4446.153846,4176.410256,4233.333333,4502.051282,4205.641025,4647.692307,3995.897436,4032.820512
24,4390.769230,4532.307692,4536.923076,4281.538461,4455.384615,4149.230769,4438.461538,4177.948717,4218.461538,4493.333333,4195.384615,4647.692307,3989.743590,4028.205128
25,4395.897435,4538.974358,4542.564102,4287.179487,4452.820512,4144.615384,4435.384615,4176.923076,4223.589743,4496.410256,4195.897435,4652.307692,3995.384616,4027.179487
26,4401.538461,4542.051282,4547.692307,4283.076923,4453.846153,4146.153846,4442.051282,4175.384615,4234.871794,4505.128205,4203.076923,4656.410256,4000.000000,4033.333333
27,4401.538461,4533.333333,4546.666666,4273.846153,4447.692307,4146.666666,4442.564102,4181.538461,4231.794871,4507.179487,4213.333333,4659.487179,3992.307693,4033.333333
28,4399.487179,4534.871794,4550.256410,4280.512820,4446.153846,4144.615384,4445.641025,4191.282051,4235.897435,4504.615384,4218.974358,4669.743589,3985.128206,4033.333333
29,4398.461538,4535.384615,4550.256410,4287.692307,4455.897435,4147.179487,4454.871794,4195.897435,4247.179487,4508.205128,4215.384615,4673.333333,3987.692308,4040.000000
30,4397.948717,4528.205128,4545.641025,4282.564102,4457.435897,4153.846153,4460.512820,4201.538461,4250.769230,4519.487179,4216.923076,4671.282051,4000.000000,4040.512820
31,4404.102564,4530.769230,4552.820512,4278.974358,4450.256410,4154.358974,4463.076923,4211.794871,4257.435897,4527.692307,4217.435897,4676.923076,4012.820512,4041.025641
32,4408.717948,4542.051282,4558.974358,4277.948717,4450.256410,4152.820512,4464.102564,4210.769230,4263.076923,4524.102564,4210.256410,4679.487179,4018.461538,4045.128205
33,4400.512820,4540.000000,4548.205128,4276.410256,4452.307692,4152.820512,4459.487179,4194.871794,4251.794871,4516.410256,4216.923076,4671.282051,4012.820512,4041.538461
34,4396.410256,4532.307692,4543.589743,4280.000000,4451.794871,4151.282051,4456.410256,4187.692307,4242.564102,4510.256410,4228.717948,4665.641025,3999.487180,4034.871794
35,4402.051282,4538.461538,4553.333333,4285.641025,4455.384615,4154.358974,4460.512820,4194.871794,4243.589743,4510.769230,4219.487179,4667.692307,3992.820513,4035.897435
36,4397.435897,4539.487179,4552.820512,4283.589743,4456.410256,4155.897435,4460.512820,4190.769230,4241.025641,4513.846153,4203.589743,4666.666666,3996.410257,4034.871794
37,4388.717948,4531.794871,4540.512820,4275.897435,4454.358974,4150.769230,4455.897435,4178.974358,4236.923076,4507.692307,4198.461538,4661.025641,3993.333334,4027.692307
38,4400.512820,4539.487179,4545.641025,4276.923076,4457.948717,4151.794871,4457.435897,4185.128205,4241.025641,4507.692307,4200.512820,4667.179487,3988.717949,4036.410256
39,4415.384615,4555.384615,4561.025641,4291.282051,4461.538461,4159.487179,4460.512820,4198.461538,4248.205128,4521.025641,4221.025641,4684.102564,3997.435898,4054.871794
40,4412.307692,4551.794871,4558.974358,4296.410256,4461.538461,4159.487179,4456.923076,4194.871794,4243.589743,4520.000000,4232.307692,4685.641025,4003.076923,4049.230769
41,4398.974358,4538.461538,4546.666666,4288.717948,4458.974358,4151.794871,4452.307692,4186.666666,4233.846153,4509.230769,4208.717948,4667.692307,4000.000000,4033.333333
42,4396.410256,4537.435897,4543.076923,4288.717948,4457.948717,4150.769230,4456.410256,4192.820512,4241.025641,4513.333333,4199.487179,4662.564102,4001.538461,4039.487179
43,4401.025641,4540.512820,4549.230769,4289.230769,4462.564102,4157.435897,4461.538461,4201.025641,4253.333333,4524.102564,4221.025641,4672.307692,3998.461539,4051.282051
44,4401.025641,4544.615384,4553.333333,4279.487179,4462.051282,4160.512820,4460.000000,4197.435897,4245.641025,4517.435897,4221.538461,4672.307692,3992.307693,4044.102564
45,4407.692307,4549.743589,4556.410256,4281.025641,4459.487179,4157.435897,4463.076923,4200.000000,4244.102564,4508.205128,4210.256410,4671.794871,3998.974359,4038.974358
46,4413.846153,4547.179487,4558.461538,4295.384615,4462.051282,4156.923076,4469.743589,4206.153846,4257.435897,4513.846153,4220.512820,4678.974358,4006.153846,4049.743589
47,4401.538461,4533.846153,4552.820512,4291.282051,4459.487179,4155.384615,4464.102564,4202.564102,4255.384615,4521.538461,4221.538461,4678.461538,4000.000000,4051.282051
48,4391.794871,4524.615384,4548.205128,4279.487179,4448.717948,4149.743589,4454.871794,4199.487179,4247.692307,4524.102564,4211.794871,4670.256410,3995.897436,4044.615384
49,4400.000000,4530.256410,4553.333333,4276.410256,4449.230769,4150.256410,4463.589743,4201.025641,4252.820512,4525.641025,4219.487179,4670.256410,3997.948718,4044.102564
50,4407.179487,4538.461538,4562.051282,4279.487179,4459.487179,4155.384615,4472.307692,4202.564102,4254.871794,4526.666666,4225.128205,4676.410256,3997.948718,4044.102564
51,4404.615384,4538.461538,4565.641025,4290.769230,4461.025641,4157.435897,4469.230769,4200.512820,4249.230769,4524.102564,4218.974358,4677.948717,3998.974359,4045.128205
52,4403.076923,4537.435897,4563.076923,4298.461538,4459.487179,4158.461538,4464.102564,4198.974358,4253.333333,4521.538461,4220.000000,4676.923076,4001.538461,4051.282051
53,4404.615384,4538.974358,4555.384615,4288.717948,4461.538461,4158.461538,4462.051282,4197.435897,4257.435897,4517.948717,4225.641025,4675.897435,4002.051282,4049.230769
54,4403.076923,4537.435897,4549.230769,4284.102564,4459.487179,4153.846153,4459.487179,4191.794871,4247.692307,4516.923076,4222.051282,4670.769230,4002.564102,4038.974358
55,4402.564102,4537.435897,4551.282051,4291.794871,4457.948717,4154.358974,4456.923076,4186.153846,4240.512820,4520.000000,4215.897435,4666.666666,4002.051282,4040.000000
56,4407.179487,4541.025641,4552.307692,4287.692307,4459.487179,4154.871794,4456.410256,4183.589743,4242.051282,4513.333333,4219.487179,4669.230769,3997.948718,4047.179487
57,4406.153846,4537.435897,4546.666666,4282.564102,4457.948717,4150.769230,4456.410256,4183.589743,4244.102564,4508.717948,4216.410256,4668.717948,3990.769231,4047.692307
58,4396.923076,4536.410256,4545.641025,4286.666666,4457.948717,4151.794871,4457.435897,4183.076923,4246.153846,4517.948717,4209.743589,4664.102564,3987.179488,4042.564102
59,4403.589743,4544.102564,4551.794871,4287.692307,4461.025641,4155.897435,4459.487179,4187.692307,4248.205128,4525.641025,4221.025641,4667.179487,3995.384616,4038.461538
60,4411.794871,4543.076923,4553.333333,4290.769230,4461.538461,4155.897435,4461.025641,4186.666666,4248.205128,4519.487179,4227.692307,4669.743589,4007.179487,4042.051282
61,4405.641025,4538.974358,4548.717948,4293.846153,4460.000000,4153.846153,4460.512820,4178.974358,4246.666666,4512.307692,4219.487179,4665.128205,4004.615384,4049.743589
62,4397.948717,4541.025641,4546.153846,4283.076923,4458.974358,4152.307692,4457.948717,4175.897435,4245.641025,4513.333333,4216.923076,4661.538461,3989.230770,4048.717948
63,4393.333333,4533.333333,4546.153846,4273.333333,4453.846153,4150.769230,4456.923076,4172.307692,4241.538461,4517.948717,4210.769230,4660.000000,3984.615385,4038.974358
64,4395.897435,4528.717948,4550.256410,4285.641025,4452.307692,4151.282051,4459.487179,4174.871794,4249.230769,4529.743589,4207.692307,4662.564102,4001.025641,4037.948717
65,4402.564102,4536.923076,4554.871794,4295.384615,4456.410256,4153.846153,4464.102564,4183.076923,4266.666666,4536.410256,4225.641025,4668.717948,4009.743589,4043.076923
66,4396.410256,4532.307692,4547.179487,4283.589743,4459.487179,4153.333333,4461.025641,4176.410256,4260.512820,4520.512820,4230.256410,4663.076923,3995.897436,4038.974358
67,4386.666666,4523.589743,4537.948717,4273.333333,4457.948717,4151.282051,4455.897435,4162.564102,4240.000000,4505.641025,4215.384615,4651.794871,3984.615385,4034.358974
68,4387.692307,4525.128205,4538.974358,4276.923076,4453.333333,4151.282051,4458.461538,4165.641025,4241.538461,4517.435897,4217.948717,4649.230769,3987.692308,4034.358974
69,4383.589743,4528.205128,4536.923076,4277.948717,4455.897435,4152.820512,4461.025641,4173.333333,4252.307692,4527.692307,4223.589743,4647.692307,3987.692308,4025.641025
70,4382.051282,4530.769230,4532.820512,4273.846153,4456.410256,4151.282051,4458.461538,4167.179487,4246.666666,4520.512820,4216.923076,4645.641025,3984.615385,4021.025641
71,4392.307692,4531.794871,4534.871794,4277.435897,4451.282051,4149.230769,4457.948717,4160.512820,4244.615384,4515.897435,4211.282051,4647.179487,3988.205129,4030.769230
72,4391.794871,4522.051282,4536.410256,4281.025641,4454.871794,4151.794871,4459.487179,4156.410256,4248.205128,4511.282051,4207.692307,4642.564102,3988.717949,4031.794871
73,4386.153846,4520.000000,4533.846153,4277.948717,4455.384615,4149.743589,4456.923076,4151.794871,4236.923076,4503.589743,4210.769230,4637.435897,3983.589744,4025.641025
74,4390.256410,4528.717948,4535.897435,4277.435897,4449.743589,4146.153846,4455.384615,4155.384615,4231.794871,4506.666666,4218.461538,4642.564102,3981.025642,4028.205128
75,4390.769230,4524.615384,4538.461538,4277.435897,4451.794871,4149.230769,4457.435897,4163.076923,4242.564102,4514.358974,4211.282051,4649.230769,3985.641026,4031.282051
76,4384.102564,4520.000000,4536.410256,4269.743589,4454.358974,4149.743589,4458.974358,4161.538461,4243.076923,4513.333333,4203.076923,4648.717948,3989.230770,4028.205128
77,4382.051282,4523.076923,4530.256410,4263.076923,4450.256410,4146.666666,4457.435897,4152.307692,4236.410256,4505.641025,4208.717948,4640.512820,3986.666667,4025.641025
78,4381.538461,4518.974358,4528.717948,4266.153846,4448.717948,4145.128205,4454.871794,4150.256410,4240.512820,4504.615384,4211.794871,4634.358974,3984.615385,4024.102564
79,4382.051282,4512.820512,4533.333333,4270.256410,4451.794871,4147.692307,4457.435897,4155.897435,4249.230769,4510.769230,4212.820512,4640.512820,3979.487180,4021.538461
80,4382.564102,4517.948717,4535.384615,4270.769230,4449.743589,4147.692307,4458.461538,4154.871794,4246.666666,4507.692307,4216.410256,4642.564102,3969.743590,4017.435897
81,4382.564102,4525.128205,4534.358974,4276.923076,4447.692307,4146.666666,4453.846153,4149.230769,4238.461538,4501.538461,4208.205128,4635.384615,3972.307693,4020.000000
82,4385.128205,4522.051282,4536.923076,4281.025641,4449.743589,4148.205128,4453.846153,4147.179487,4238.461538,4507.179487,4198.974358,4636.410256,3987.692308,4030.769230
83,4390.769230,4520.000000,4541.538461,4275.897435,4455.897435,4150.769230,4458.461538,4147.692307,4243.076923,4513.846153,4206.666666,4641.025641,3993.333334,4031.794871
84,4397.435897,4526.153846,4544.615384,4278.974358,4463.076923,4155.897435,4460.512820,4152.307692,4248.717948,4520.512820,4216.923076,4643.076923,3993.846154,4026.666666
85,4395.384615,4526.666666,4543.589743,4284.615384,4460.000000,4156.410256,4459.487179,4152.820512,4252.307692,4522.564102,4216.410256,4645.128205,3991.794872,4026.153846
86,4381.025641,4514.871794,4535.897435,4273.333333,4450.769230,4146.666666,4451.794871,4141.538461,4246.153846,4507.692307,4212.820512,4636.923076,3982.051283,4024.615384
87,4374.358974,4510.769230,4531.282051,4266.666666,4449.230769,4144.102564,4444.102564,4133.333333,4232.307692,4499.487179,4211.282051,4627.179487,3981.538462,4022.564102
88,4383.589743,4521.025641,4532.820512,4278.461538,4451.282051,4149.230769,4446.153846,4136.410256,4233.846153,4512.307692,4212.820512,4634.358974,3994.871795,4029.230769
89,4390.769230,4524.102564,4535.384615,4283.076923,4446.666666,4145.641025,4449.230769,4141.538461,4247.179487,4518.974358,4216.923076,4643.589743,3993.846154,4032.307692
90,4390.769230,4518.461538,4539.487179,4273.333333,4448.205128,4142.051282,4449.743589,4148.717948,4251.282051,4516.923076,4222.051282,4643.076923,3985.128206,4024.615384
91,4393.333333,4521.025641,4538.461538,4269.743589,4455.897435,4147.179487,4450.256410,4152.307692,4249.743589,4518.974358,4224.102564,4642.051282,3994.358975,4027.179487
92,4392.307692,4526.666666,4533.846153,4276.923076,4449.230769,4147.692307,4445.641025,4144.615384,4248.717948,4514.358974,4219.487179,4644.102564,4008.717948,4038.974358
93,4386.666666,4521.538461,4532.307692,4279.487179,4443.076923,4146.666666,4443.076923,4138.461538,4247.692307,4504.102564,4212.820512,4643.076923,3998.974359,4035.384615
94,4383.589743,4512.307692,4533.333333,4268.717948,4444.615384,4143.076923,4443.589743,4138.974358,4245.128205,4506.153846,4212.820512,4640.512820,3978.461539,4022.051282
95,4387.179487,4515.897435,4535.384615,4267.179487,4444.615384,4138.974358,4446.153846,4142.051282,4245.128205,4515.897435,4219.487179,4643.076923,3983.076924,4024.102564
96,4395.384615,4521.025641,4542.564102,4285.641025,4447.692307,4148.717948,4451.794871,4146.666666,4254.358974,4524.615384,4231.794871,4649.743589,4005.128205,4036.410256
97,4400.000000,4525.641025,4545.641025,4290.256410,4453.846153,4158.461538,4454.871794,4148.717948,4264.615384,4536.923076,4234.871794,4652.820512,4012.820512,4044.102564
98,4395.384615,4530.256410,4540.000000,4273.333333,4454.358974,4151.794871,4452.307692,4145.128205,4262.051282,4537.435897,4226.153846,4650.769230,3997.435898,4041.538461
99,4393.333333,4528.717948,4538.461538,4274.358974,4455.384615,4150.256410,4451.794871,4143.076923,4255.897435,4519.487179,4223.589743,4647.692307,3988.205129,4036.923076
100,4402.564102,4527.179487,4542.564102,4290.256410,4457.948717,4157.435897,4455.897435,4145.128205,4255.384615,4512.820512,4222.564102,4647.179487,4004.102564,4038.974358
101,4404.102564,4531.282051,4543.589743,4285.641025,4455.897435,4152.820512,4454.871794,4139.487179,4248.205128,4524.615384,4217.948717,4649.230769,4012.307692,4038.974358
102,4394.358974,4529.743589,4543.076923,4269.743589,4454.358974,4145.641025,4449.743589,4131.282051,4238.461538,4525.128205,4216.923076,4646.153846,3997.948718,4033.846153
103,4389.230769,4520.512820,4542.051282,4272.307692,4455.897435,4148.205128,4450.769230,4130.256410,4243.076923,4518.974358,4214.358974,4637.948717,3985.641026,4031.794871
104,4389.743589,4519.487179,4537.435897,4283.589743,4457.435897,4154.871794,4456.923076,4133.333333,4250.769230,4518.461538,4216.410256,4634.871794,3986.666667,4030.769230
105,4392.820512,4527.179487,4535.897435,4281.025641,4460.512820,4155.384615,4455.897435,4135.897435,4250.256410,4516.410256,4219.487179,4641.538461,3992.820513,4030.769230
106,4396.923076,4528.717948,4542.051282,4277.435897,4459.487179,4151.794871,4454.871794,4134.358974,4247.179487,4512.820512,4209.230769,4646.666666,3999.487180,4034.871794
107,4394.871794,4525.641025,4543.589743,4281.025641,4453.333333,4151.282051,4462.051282,4132.307692,4242.051282,4515.384615,4201.538461,4642.564102,3994.871795,4031.282051
108,4389.230769,4521.538461,4538.461538,4280.000000,4450.769230,4151.794871,4460.512820,4130.256410,4236.923076,4517.948717,4216.410256,4637.948717,3986.153847,4024.615384
109,4392.820512,4523.589743,4541.025641,4279.487179,4456.923076,4151.794871,4456.410256,4133.333333,4242.051282,4515.897435,4231.282051,4641.538461,3993.846154,4030.256410
110,4398.461538,4533.333333,4549.230769,4284.102564,4461.025641,4155.897435,4461.025641,4143.589743,4254.871794,4524.102564,4233.846153,4647.179487,4001.025641,4040.512820
111,4400.000000,4537.435897,4547.179487,4279.487179,4458.974358,4153.333333,4456.923076,4150.769230,4260.000000,4532.307692,4228.717948,4649.230769,3993.333334,4039.487179
112,4397.948717,4531.282051,4537.435897,4268.717948,4454.358974,4145.128205,4447.692307,4149.743589,4255.384615,4523.076923,4219.487179,4646.666666,3992.820513,4032.307692
113,4390.256410,4520.000000,4536.410256,4272.307692,4447.179487,4144.615384,4444.102564,4146.153846,4246.153846,4510.256410,4215.384615,4638.974358,3998.974359,4031.794871
114,4385.641025,4520.512820,4538.974358,4279.487179,4445.128205,4148.205128,4445.641025,4148.205128,4236.923076,4510.256410,4210.769230,4634.358974,3996.923077,4035.897435
115,4389.230769,4532.307692,4535.384615,4275.897435,4453.333333,4147.179487,4450.769230,4150.769230,4236.923076,4514.871794,4206.666666,4638.974358,3987.179488,4032.307692
116,4392.307692,4537.435897,4541.025641,4276.923076,4458.461538,4148.717948,4457.435897,4152.820512,4242.051282,4513.846153,4213.333333,4647.692307,3984.102565,4026.153846
117,4391.794871,4535.384615,4550.256410,4283.076923,4457.948717,4153.333333,4458.974358,4155.384615,4244.615384,4513.846153,4212.820512,4650.769230,3989.743590,4029.743589
118,4387.179487,4535.384615,4543.076923,4271.282051,4458.461538,4153.333333,4456.923076,4153.846153,4240.512820,4509.230769,4201.025641,4645.641025,3990.256411,4032.307692
119,4386.153846,4536.923076,4538.974358,4262.564102,4453.846153,4147.692307,4455.384615,4152.307692,4234.358974,4504.615384,4198.461538,4644.102564,3984.615385,4030.256410
120,4393.333333,4538.974358,4548.717948,4277.435897,4448.205128,4144.615384,4452.307692,4155.897435,4239.487179,4509.230769,4207.179487,4652.820512,3986.666667,4029.230769
121,4395.897435,4542.564102,4548.205128,4281.025641,4453.333333,4147.692307,4453.333333,4162.564102,4245.128205,4511.282051,4209.743589,4657.435897,3990.769231,4027.179487
122,4395.384615,4544.102564,4544.615384,4273.846153,4458.974358,4154.358974,4460.512820,4169.230769,4245.641025,4514.358974,4212.307692,4657.435897,3992.307693,4030.769230
123,4402.564102,4545.641025,4552.307692,4284.615384,4460.512820,4156.923076,4462.564102,4174.871794,4254.358974,4523.076923,4212.820512,4663.076923,3996.923077,4044.102564
124,4403.076923,4549.230769,4548.205128,4293.333333,4460.000000,4153.846153,4460.512820,4173.333333,4257.948717,4524.102564,4202.051282,4663.076923,3998.461539,4044.615384
125,4394.871794,4543.589743,4535.384615,4281.538461,4454.358974,4148.717948,4458.974358,4166.153846,4243.076923,4510.769230,4200.512820,4654.358974,3988.205129,4027.179487
126,4390.256410,4535.384615,4536.923076,4274.871794,4451.282051,4148.717948,4459.487179,4166.153846,4238.974358,4509.743589,4215.897435,4652.820512,3984.102565,4020.000000
127,4389.743589,4535.897435,4540.000000,4280.000000,4455.384615,4153.333333,4461.025641,4170.256410,4248.717948,4517.435897,4219.487179,4657.435897,3989.230770,4028.717948
128,4392.307692,4540.000000,4539.487179,4282.051282,4458.461538,4154.871794,4460.000000,4170.256410,4246.666666,4517.948717,4207.692307,4660.000000,3992.820513,4038.461538
129,4393.846153,4534.871794,4538.461538,4276.410256,4454.871794,4150.256410,4456.923076,4166.153846,4242.564102,4514.358974,4206.153846,4657.435897,3992.307693,4038.461538
130,4390.256410,4528.717948,4534.871794,4273.846153,4449.230769,4144.615384,4456.923076,4166.666666,4245.641025,4513.846153,4210.256410,4653.333333,3990.256411,4027.179487
131,4388.205128,4529.230769,4536.410256,4277.948717,4450.256410,4146.153846,4459.487179,4173.846153,4246.666666,4519.487179,4201.538461,4654.871794,3989.230770,4022.564102
132,4388.717948,4526.666666,4540.512820,4274.871794,4454.358974,4152.820512,4461.025641,4176.410256,4249.230769,4520.512820,4198.461538,4657.948717,3990.769231,4029.230769
133,4389.743589,4522.051282,4536.410256,4271.282051,4454.871794,4154.358974,4460.512820,4171.282051,4249.743589,4512.307692,4211.794871,4660.000000,3989.230770,4033.333333
134,4395.384615,4532.307692,4536.410256,4278.461538,4455.384615,4150.769230,4458.974358,4174.871794,4245.641025,4512.307692,4221.025641,4663.076923,3987.692308,4032.307692
135,4400.512820,4545.641025,4546.153846,4285.128205,4460.000000,4152.820512,4462.564102,4187.179487,4251.794871,4527.179487,4215.897435,4666.666666,3992.307693,4034.358974
136,4399.487179,4541.538461,4546.666666,4286.153846,4460.000000,4156.410256,4467.179487,4185.641025,4258.461538,4527.179487,4215.384615,4667.179487,3994.358975,4035.897435
137,4396.923076,4535.897435,4539.487179,4283.589743,4454.358974,4152.820512,4463.589743,4173.333333,4248.205128,4514.871794,4225.128205,4665.641025,3993.333334,4034.358974
138,4395.384615,4538.974358,4534.358974,4276.410256,4450.256410,4148.717948,4458.461538,4168.717948,4240.512820,4508.205128,4218.974358,4658.974358,3988.717949,4030.769230
139,4391.794871,4534.358974,4528.717948,4271.794871,4446.153846,4146.153846,4456.410256,4166.153846,4240.000000,4500.512820,4203.076923,4648.717948,3980.512821,4023.589743
140,4393.846153,4528.205128,4531.794871,4277.435897,4449.230769,4147.179487,4460.000000,4165.641025,4243.076923,4507.179487,4209.743589,4652.307692,3990.256411,4024.615384
141,4402.564102,4532.820512,4544.102564,4279.487179,4457.948717,4153.333333,4467.179487,4173.333333,4253.846153,4530.256410,4226.153846,4665.128205,4008.717948,4038.461538
142,4404.102564,4538.461538,4545.128205,4278.461538,4454.871794,4152.820512,4466.666666,4177.435897,4257.435897,4529.230769,4219.487179,4663.076923,4004.615384,4043.076923
143,4395.897435,4539.487179,4536.923076,4280.000000,4448.205128,4145.128205,4457.948717,4170.256410,4248.205128,4512.820512,4206.666666,4648.205128,3993.846154,4035.897435
144,4392.307692,4535.897435,4537.435897,4278.461538,4453.333333,4146.666666,4457.435897,4168.205128,4243.589743,4513.846153,4212.307692,4646.666666,3991.794872,4030.256410
145,4393.333333,4529.230769,4540.512820,4278.461538,4460.000000,4154.871794,4462.564102,4174.358974,4243.076923,4516.410256,4219.487179,4656.410256,3987.179488,4030.256410
146,4391.282051,4531.794871,4537.435897,4278.461538,4457.948717,4155.384615,4458.974358,4169.230769,4239.487179,4509.230769,4218.461538,4654.358974,3987.692308,4031.794871
147,4388.205128,4532.820512,4533.846153,4278.461538,4453.333333,4147.179487,4456.410256,4154.358974,4242.564102,4514.871794,4211.794871,4647.692307,3987.179488,4025.641025
148,4390.256410,4527.692307,4534.358974,4281.538461,4453.333333,4145.641025,4460.000000,4147.179487,4250.769230,4526.153846,4206.153846,4651.282051,3981.538462,4019.487179
149,4395.897435,4532.820512,4537.948717,4282.564102,4455.897435,4151.282051,4460.000000,4141.025641,4251.282051,4523.589743,4207.179487,4652.820512,3990.769231,4029.230769
150,4396.923076,4537.948717,4538.974358,4272.820512,4455.897435,4150.769230,4458.461538,4122.051282,4250.256410,4516.923076,4215.384615,4648.717948,4004.102564,4037.948717
151,4395.384615,4530.256410,4535.897435,4269.230769,4451.794871,4145.641025,4460.000000,4101.025641,4248.717948,4518.974358,4224.615384,4650.769230,3998.974359,4035.897435
152,4396.410256,4527.692307,4535.897435,4278.974358,4451.282051,4147.692307,4459.487179,4090.769230,4246.153846,4522.051282,4224.102564,4655.897435,3987.179488,4032.820512
153,4392.307692,4528.717948,4535.897435,4282.564102,4450.256410,4145.641025,4454.871794,4081.025641,4247.692307,4514.358974,4208.717948,4649.743589,3977.435898,4027.692307
154,4381.025641,4522.051282,4527.692307,4278.974358,4443.589743,4137.435897,4450.769230,4066.153846,4246.666666,4506.153846,4195.384615,4640.512820,3977.948718,4020.000000
155,4376.410256,4514.871794,4524.615384,4271.282051,4441.025641,4135.897435,4446.153846,4051.794871,4237.435897,4510.256410,4197.948717,4638.461538,3985.641026,4019.487179
156,4384.102564,4520.512820,4527.692307,4263.076923,4448.205128,4141.538461,4449.230769,4045.641025,4234.871794,4510.256410,4203.589743,4640.512820,3981.025642,4021.538461
157,4392.307692,4531.794871,4528.205128,4269.743589,4453.333333,4145.128205,4452.820512,4042.564102,4242.564102,4504.102564,4207.179487,4642.564102,3974.358975,4021.538461
158,4388.205128,4532.820512,4526.153846,4282.564102,4453.846153,4145.641025,4447.179487,4035.897435,4243.589743,4507.179487,4217.948717,4642.051282,3983.076924,4024.615384
159,4383.589743,4527.692307,4523.589743,4278.461538,4453.846153,4147.179487,4449.230769,4032.307692,4240.000000,4517.435897,4221.538461,4641.538461,3992.820513,4029.230769
160,4395.384615,4537.435897,4529.230769,4276.410256,4458.461538,4149.743589,4457.435897,4032.820512,4246.666666,4519.487179,4210.256410,4646.666666,3995.897436,4031.794871
161,4400.512820,4543.076923,4531.794871,4287.179487,4460.512820,4151.282051,4452.820512,4026.666666,4248.717948,4512.307692,4203.589743,4645.128205,3993.333334,4032.307692
162,4392.820512,4528.205128,4528.717948,4286.153846,4455.897435,4148.205128,4450.256410,4018.461538,4242.051282,4510.769230,4213.846153,4639.487179,3989.743590,4032.307692
163,4395.384615,4525.641025,4529.743589,4277.948717,4453.333333,4144.102564,4460.000000,4016.410256,4245.128205,4516.923076,4220.000000,4645.641025,3994.871795,4037.435897
164,4397.435897,4532.307692,4529.230769,4275.384615,4453.333333,4145.641025,4460.000000,4012.307692,4248.717948,4514.358974,4214.358974,4648.717948,3993.333334,4036.923076
165,4391.282051,4525.128205,4526.666666,4276.410256,4454.871794,4148.717948,4453.846153,4006.153846,4244.102564,4506.666666,4211.794871,4638.461538,3986.153847,4029.230769
166,4395.384615,4525.641025,4528.717948,4278.974358,4457.435897,4149.743589,4457.435897,4006.666666,4245.641025,4510.769230,4215.897435,4637.435897,3990.769231,4031.282051
167,4398.461538,4534.871794,4530.256410,4282.051282,4456.923076,4149.230769,4457.948717,4009.743589,4252.307692,4519.487179,4220.512820,4645.641025,3990.769231,4035.384615
168,4390.769230,4530.256410,4528.205128,4278.974358,4456.410256,4149.743589,4453.846153,4004.102564,4250.256410,4522.564102,4218.974358,4645.128205,3984.102565,4032.820512
169,4391.282051,4526.153846,4531.282051,4272.820512,4456.410256,4149.743589,4452.820512,4000.000000,4243.589743,4521.025641,4219.487179,4644.615384,3994.871795,4035.384615
170,4396.410256,4531.282051,4535.384615,4277.948717,4451.794871,4149.743589,4457.948717,3999.487180,4246.666666,4522.051282,4226.153846,4648.205128,4003.589743,4038.974358
171,4392.820512,4526.153846,4531.794871,4282.564102,4450.256410,4148.717948,4459.487179,3995.897436,4251.282051,4523.076923,4218.461538,4645.128205,3988.717949,4029.230769
172,4392.307692,4522.564102,4529.230769,4277.948717,4454.871794,4148.205128,4457.435897,3994.871795,4250.769230,4520.512820,4203.589743,4643.589743,3982.051283,4025.641025
173,4395.897435,4531.282051,4531.282051,4274.358974,4458.461538,4153.333333,4457.948717,3997.948718,4248.717948,4521.025641,4212.307692,4649.230769,3992.307693,4035.384615
174,4389.230769,4528.717948,4532.820512,4277.948717,4460.000000,4154.871794,4459.487179,3993.846154,4249.230769,4523.589743,4229.230769,4645.128205,3992.820513,4031.794871
175,4385.641025,4518.461538,4529.743589,4278.461538,4456.410256,4147.179487,4452.307692,3982.051283,4243.589743,4518.461538,4221.025641,4635.897435,3982.564103,4023.076923
176,4396.410256,4524.615384,4531.794871,4276.410256,4451.794871,4147.692307,4445.128205,3979.487180,4234.871794,4513.846153,4216.923076,4641.025641,3979.487180,4032.820512
177,4398.461538,4534.871794,4539.487179,4280.000000,4454.871794,4151.794871,4449.230769,3987.692308,4238.974358,4521.025641,4220.000000,4648.205128,3985.128206,4037.435897
178,4386.666666,4527.692307,4538.974358,4280.000000,4453.333333,4144.615384,4449.230769,3988.205129,4244.102564,4521.025641,4204.615384,4638.974358,3988.717949,4022.564102
179,4384.615384,4520.000000,4530.769230,4274.871794,4444.615384,4138.974358,4445.128205,3982.564103,4241.538461,4511.794871,4198.461538,4628.717948,3990.256411,4021.025641
180,4392.820512,4530.256410,4529.230769,4277.435897,4449.743589,4147.692307,4451.282051,3986.153847,4244.102564,4516.410256,4214.871794,4633.333333,3993.846154,4033.846153
181,4395.897435,4534.871794,4533.846153,4282.564102,4464.102564,4154.871794,4453.333333,3988.205129,4245.128205,4522.564102,4221.025641,4641.025641,4000.512820,4033.333333
182,4389.230769,4524.102564,4529.743589,4271.794871,4461.538461,4148.205128,4442.564102,3974.358975,4234.871794,4511.794871,4215.897435,4635.897435,3988.717949,4022.564102
183,4383.076923,4519.487179,4522.051282,4260.000000,4449.743589,4140.512820,4437.948717,3964.615385,4227.692307,4501.538461,4214.871794,4629.743589,3970.256411,4021.538461
184,4386.153846,4523.589743,4525.641025,4269.743589,4447.692307,4139.487179,4444.615384,3974.871795,4232.820512,4505.128205,4206.153846,4634.358974,3978.461539,4026.666666
185,4389.230769,4524.102564,4532.820512,4276.923076,4446.153846,4140.000000,4446.153846,3988.717949,4237.948717,4506.666666,4201.025641,4638.974358,3989.743590,4027.692307
186,4382.564102,4518.974358,4530.256410,4269.230769,4443.589743,4138.974358,4443.589743,3986.666667,4235.897435,4501.025641,4206.153846,4632.820512,3979.487180,4022.051282
187,4378.461538,4515.897435,4525.641025,4265.128205,4448.205128,4137.948717,4443.076923,3976.410257,4231.282051,4498.974358,4202.051282,4628.717948,3968.205129,4017.435897
188,4380.000000,4515.384615,4526.666666,4261.538461,4451.794871,4140.000000,4445.641025,3975.384616,4228.717948,4500.512820,4201.025641,4632.820512,3973.846154,4018.461538
189,4378.461538,4513.333333,4525.641025,4258.461538,4447.692307,4139.487179,4442.564102,3975.897436,4230.769230,4501.538461,4203.076923,4631.794871,3974.871795,4016.923076
190,4376.410256,4514.871794,4524.615384,4261.538461,4447.692307,4141.025641,4444.102564,3973.333334,4235.897435,4499.487179,4193.846153,4627.692307,3965.641026,4014.358974
191,4378.974358,4522.051282,4525.641025,4266.153846,4459.487179,4150.769230,4455.897435,3981.025642,4240.000000,4501.025641,4196.923076,4630.769230,3971.794872,4018.461538
192,4386.153846,4522.564102,4525.641025,4266.666666,4463.076923,4156.410256,4461.538461,3990.769231,4245.128205,4506.153846,4214.871794,4637.435897,3988.717949,4026.666666
193,4389.743589,4518.461538,4527.692307,4264.102564,4453.333333,4148.205128,4453.846153,3986.666667,4248.205128,4508.717948,4216.923076,4636.410256,3989.743590,4031.282051
194,4387.692307,4520.512820,4527.692307,4262.051282,4450.256410,4142.564102,4450.256410,3983.589744,4249.230769,4508.717948,4215.384615,4633.846153,3986.666667,4028.205128
195,4391.794871,4523.589743,4526.666666,4266.153846,4456.923076,4149.743589,4458.461538,3989.743590,4249.230769,4508.717948,4227.692307,4639.487179,3993.333334,4025.641025
196,4398.974358,4520.512820,4531.794871,4273.333333,4463.589743,4156.923076,4459.487179,3990.769231,4246.153846,4507.692307,4228.205128,4645.641025,3996.410257,4031.794871
197,4388.717948,4514.871794,4529.743589,4267.692307,4462.564102,4153.333333,4446.153846,3977.948718,4235.384615,4496.923076,4208.205128,4635.384615,3990.769231,4034.871794
198,4375.384615,4516.923076,4518.974358,4260.000000,4456.923076,4147.179487,4441.025641,3964.615385,4225.641025,4486.153846,4194.358974,4622.051282,3983.076924,4025.128205
199,4385.128205,4522.564102,4521.025641,4270.256410,4458.974358,4153.846153,4454.871794,3969.743590,4234.871794,4493.846153,4202.051282,4627.692307,3976.410257,4019.487179
200,4396.410256,4522.051282,4532.307692,4282.564102,4471.794871,4166.153846,4466.666666,3988.717949,4251.794871,4506.666666,4217.948717,4640.000000,3981.538462,4023.076923
201,4392.307692,4521.025641,4533.333333,4276.410256,4474.871794,4164.615384,4460.512820,3990.769231,4255.897435,4508.717948,4217.948717,4638.974358,3988.205129,4025.128205
202,4388.717948,4521.538461,4529.230769,4267.692307,4462.564102,4153.333333,4451.794871,3977.948718,4248.717948,4506.666666,4210.769230,4630.256410,3982.051283,4027.692307
203,4392.307692,4521.025641,4529.743589,4266.666666,4460.000000,4152.307692,4452.820512,3977.435898,4244.102564,4508.205128,4212.307692,4629.230769,3984.102565,4033.333333
204,4397.948717,4526.153846,4531.794871,4266.153846,4465.128205,4156.410256,4458.974358,3987.179488,4245.641025,4510.256410,4220.000000,4640.512820,3995.384616,4037.435897
205,4401.538461,4527.179487,4540.000000,4269.230769,4462.564102,4153.846153,4461.538461,3989.743590,4254.871794,4518.461538,4223.076923,4648.205128,4000.512820,4037.948717
206,4398.461538,4519.487179,4541.538461,4271.282051,4458.461538,4152.307692,4453.333333,3983.076924,4263.589743,4524.102564,4222.564102,4641.025641,4000.000000,4036.923076
207,4393.333333,4518.461538,4536.923076,4268.717948,4461.025641,4154.358974,4450.256410,3982.564103,4257.948717,4522.051282,4217.948717,4634.871794,3996.410257,4034.358974
208,4395.384615,4525.641025,4540.000000,4273.846153,4464.102564,4154.871794,4456.410256,3986.153847,4248.205128,4516.923076,4212.820512,4638.974358,3991.794872,4036.923076
209,4394.871794,4526.666666,4540.512820,4278.974358,4465.128205,4154.358974,4456.410256,3982.564103,4248.717948,4512.307692,4217.435897,4637.948717,3989.230770,4037.948717
210,4391.282051,4522.564102,4535.384615,4271.794871,4461.538461,4153.846153,4454.358974,3976.923077,4248.717948,4508.205128,4219.487179,4632.307692,3989.230770,4034.358974
211,4394.871794,4524.102564,4534.358974,4265.128205,4455.384615,4152.820512,4452.307692,3976.410257,4242.564102,4502.564102,4210.256410,4630.256410,3992.820513,4033.846153
212,4397.948717,4524.615384,4534.871794,4262.051282,4454.358974,4150.256410,4447.692307,3981.538462,4243.589743,4501.025641,4208.717948,4631.282051,3992.307693,4035.384615
213,4396.410256,4524.615384,4535.897435,4260.000000,4458.974358,4150.256410,4449.743589,3983.076924,4246.153846,4504.102564,4218.461538,4636.923076,3983.589744,4031.794871
214,4398.974358,4533.333333,4546.153846,4271.282051,4460.512820,4152.307692,4460.512820,3987.179488,4244.615384,4505.641025,4210.769230,4644.102564,3984.102565,4030.769230
215,4399.487179,4541.538461,4549.230769,4282.564102,4462.564102,4157.435897,4463.589743,4000.512820,4252.820512,4511.282051,4195.384615,4646.666666,3998.461539,4037.435897
216,4396.923076,4538.974358,4545.128205,4277.435897,4466.153846,4160.000000,4458.974358,4010.769230,4260.000000,4517.948717,4206.666666,4647.692307,3999.487180,4045.641025
217,4398.461538,4537.948717,4547.692307,4270.769230,4466.153846,4158.461538,4464.102564,4011.282051,4253.333333,4512.307692,4224.615384,4648.205128,3990.769231,4047.179487
218,4402.564102,4541.538461,4549.743589,4274.871794,4461.538461,4161.025641,4471.794871,4012.820512,4252.820512,4506.666666,4223.076923,4648.717948,3991.794872,4042.564102
219,4403.076923,4536.923076,4548.205128,4274.358974,4461.538461,4167.179487,4475.897435,4016.923076,4256.923076,4513.846153,4216.923076,4648.205128,3993.333334,4043.076923
220,4397.948717,4539.487179,4548.205128,4266.153846,4468.205128,4170.256410,4473.846153,4013.333333,4257.435897,4516.923076,4217.435897,4651.282051,3996.410257,4046.153846
221,4395.897435,4549.230769,4547.179487,4268.205128,4471.794871,4164.615384,4464.102564,4007.179487,4257.435897,4516.410256,4216.923076,4654.871794,4004.615384,4043.589743
222,4406.153846,4548.717948,4546.666666,4281.538461,4465.641025,4159.487179,4457.435897,4008.717948,4257.435897,4524.102564,4219.487179,4656.923076,4012.820512,4047.692307
223,4418.461538,4543.076923,4555.384615,4292.820512,4458.974358,4158.974358,4462.051282,4016.410256,4256.410256,4527.692307,4227.179487,4658.974358,4018.461538,4060.000000
224,4411.282051,4540.000000,4556.923076,4285.641025,4458.461538,4158.461538,4466.153846,4017.948717,4254.358974,4518.461538,4226.666666,4658.461538,4007.692307,4057.435897
225,4397.435897,4537.435897,4546.666666,4266.153846,4460.000000,4154.871794,4462.051282,4011.794871,4256.410256,4511.282051,4216.410256,4648.717948,3988.717949,4042.051282
226,4400.512820,4537.435897,4541.025641,4262.564102,4457.948717,4153.333333,4461.538461,4010.256410,4255.897435,4516.923076,4209.743589,4641.025641,3991.794872,4040.512820
227,4400.512820,4531.282051,4538.974358,4270.769230,4452.820512,4154.358974,4460.512820,4008.717948,4246.153846,4515.384615,4216.923076,4642.564102,4004.102564,4041.538461
228,4388.717948,4521.538461,4535.897435,4267.692307,4449.743589,4151.282051,4453.846153,3999.487180,4236.923076,4505.641025,4217.435897,4639.487179,3997.948718,4033.333333
229,4395.384615,4530.769230,4538.974358,4267.179487,4454.358974,4152.307692,4455.384615,4004.102564,4245.641025,4514.358974,4210.256410,4641.025641,3995.897436,4035.897435
230,4414.871794,4544.615384,4548.717948,4282.051282,4460.000000,4155.384615,4462.564102,4019.487179,4257.948717,4529.743589,4224.102564,4655.384615,4003.076923,4050.256410
231,4413.333333,4537.948717,4547.692307,4284.615384,4456.410256,4151.282051,4454.871794,4017.948717,4250.256410,4517.435897,4234.358974,4658.461538,3994.871795,4051.282051
232,4400.000000,4533.333333,4538.461538,4271.282051,4450.256410,4147.692307,4443.076923,4006.666666,4242.051282,4505.128205,4211.794871,4650.256410,3990.256411,4037.948717
233,4396.410256,4540.512820,4532.307692,4263.589743,4453.333333,4149.743589,4451.282051,4003.076923,4244.615384,4510.769230,4201.025641,4647.692307,3995.384616,4032.307692
234,4392.820512,4535.897435,4528.717948,4262.564102,4452.820512,4149.743589,4455.897435,4002.051282,4241.538461,4503.076923,4215.384615,4643.076923,3985.128206,4034.358974
235,4388.205128,4523.589743,4529.230769,4267.179487,4445.641025,4146.153846,4448.717948,4005.128205,4234.871794,4496.410256,4211.282051,4636.410256,3980.512821,4034.871794
236,4393.846153,4527.179487,4535.897435,4276.923076,4447.179487,4148.205128,4452.307692,4008.717948,4239.487179,4512.820512,4195.384615,4641.538461,3994.358975,4038.461538
237,4400.000000,4537.948717,4537.948717,4280.512820,4455.384615,4153.846153,4457.435897,4005.641025,4242.564102,4516.923076,4195.897435,4648.205128,3990.769231,4038.974358
238,4397.435897,4538.974358,4534.871794,4277.948717,4457.948717,4155.897435,4453.846153,4006.666666,4237.435897,4505.128205,4211.282051,4647.179487,3977.948718,4033.333333
239,4395.897435,4535.897435,4540.512820,4277.948717,4454.358974,4152.820512,4456.410256,4014.358974,4238.461538,4505.641025,4220.000000,4648.717948,3988.205129,4035.897435
240,4398.461538,4535.897435,4544.615384,4280.512820,4449.230769,4150.256410,4453.846153,4012.307692,4238.974358,4505.641025,4207.179487,4649.743589,3991.282052,4037.948717
241,4395.897435,4537.435897,4540.512820,4277.948717,4446.153846,4149.230769,4444.102564,4005.641025,4230.769230,4497.948717,4198.974358,4647.179487,3978.461539,4029.743589
242,4395.384615,4535.897435,4537.948717,4277.435897,4446.666666,4151.282051,4452.820512,4007.179487,4228.717948,4505.128205,4209.230769,4648.717948,3985.128206,4030.769230
243,4403.076923,4533.846153,4541.025641,4282.051282,4446.153846,4152.307692,4464.615384,4014.871794,4240.512820,4514.871794,4214.358974,4650.256410,3994.871795,4041.538461
244,4404.615384,4533.846153,4542.051282,4273.333333,4447.692307,4152.820512,4458.974358,4016.410256,4243.589743,4506.666666,4206.666666,4647.179487,3985.641026,4041.025641
245,4396.410256,4536.410256,4536.410256,4264.102564,4452.307692,4152.820512,4455.897435,4009.230769,4232.820512,4497.948717,4207.179487,4644.102564,3986.666667,4035.897435
246,4402.051282,4538.974358,4537.948717,4281.538461,4453.333333,4152.820512,4458.974358,4011.282051,4230.769230,4504.615384,4222.051282,4648.205128,4002.564102,4040.000000
247,4413.333333,4540.512820,4548.717948,4297.948717,4456.923076,4154.871794,4454.871794,4028.717948,4243.076923,4512.820512,4231.794871,4651.282051,4004.102564,4045.641025
248,4410.256410,4537.948717,4548.717948,4285.128205,4463.076923,4155.897435,4451.282051,4040.512820,4244.102564,4509.743589,4220.000000,4648.717948,3993.333334,4047.179487
249,4405.128205,4532.820512,4540.512820,4278.461538,4461.025641,4153.846153,4451.794871,4040.000000,4234.358974,4503.589743,4205.128205,4647.692307,3989.743590,4047.692307
250,4407.692307,4533.333333,4544.615384,4286.153846,4452.307692,4153.333333,4450.256410,4044.102564,4235.897435,4508.205128,4213.846153,4654.358974,3998.461539,4046.153846
251,4407.692307,4536.410256,4548.717948,4272.820512,4446.153846,4153.333333,4445.641025,4051.282051,4242.564102,4510.256410,4224.102564,4658.461538,4008.205128,4044.102564
252,4398.974358,4529.230769,4540.000000,4258.461538,4442.051282,4145.128205,4441.538461,4048.717948,4238.974358,4497.435897,4213.846153,4651.794871,4002.051282,4039.487179
253,4394.358974,4522.051282,4533.846153,4271.282051,4444.102564,4143.076923,4443.589743,4046.153846,4232.307692,4491.282051,4209.230769,4645.641025,3992.307693,4037.435897
254,4398.974358,4527.692307,4537.435897,4285.128205,4452.820512,4151.282051,4448.717948,4052.820512,4233.333333,4503.076923,4212.820512,4646.666666,3989.230770,4040.512820
255,4400.000000,4532.820512,4538.461538,4277.435897,4454.358974,4149.230769,4444.615384,4059.487179,4235.897435,4506.153846,4210.769230,4646.666666,3985.641026,4041.538461
256,4391.794871,4526.153846,4534.358974,4266.666666,4445.128205,4141.538461,4437.435897,4059.487179,4231.282051,4500.512820,4209.743589,4645.128205,3984.615385,4035.897435
257,4390.769230,4519.487179,4534.871794,4264.102564,4440.512820,4147.179487,4442.051282,4059.487179,4229.743589,4502.051282,4209.743589,4646.666666,3990.256411,4031.794871
258,4397.435897,4524.102564,4537.435897,4263.589743,4447.179487,4154.871794,4448.717948,4058.461538,4232.307692,4496.923076,4203.589743,4647.692307,3993.846154,4038.461538
259,4398.974358,4527.179487,4538.461538,4268.205128,4450.256410,4151.794871,4445.641025,4059.487179,4227.692307,4490.256410,4202.564102,4647.692307,3991.794872,4043.589743
