,AF3,F7,F3,FC5,T7,P7,O1,O2,P8,T8,FC6,F4,F8,AF4
0,4355.384615,4526.153846,4506.666666,4260.000000,4442.051282,4236.410256,4440.512820,4202.564102,4234.871794,4510.256410,4222.051282,4617.948717,4016.410256,4029.743589
1,4365.128205,4539.487179,4508.717948,4271.282051,4444.102564,4233.846153,4441.025641,4205.128205,4251.794871,4525.641025,4226.153846,4625.641025,4020.000000,4034.358974
2,4362.564102,4537.948717,4509.743589,4281.538461,4442.564102,4228.717948,4437.948717,4201.538461,4243.076923,4517.948717,4229.743589,4629.230769,4016.410256,4030.769230
3,4357.948717,4527.179487,4507.179487,4280.512820,4440.512820,4228.717948,4435.384615,4199.487179,4233.333333,4511.794871,4229.230769,4627.692307,4017.948717,4027.179487
4,4363.076923,4529.230769,4511.282051,4276.923076,4441.538461,4231.794871,4437.435897,4201.538461,4238.974358,4516.923076,4227.692307,4624.102564,4024.102564,4030.256410
5,4367.179487,4538.974358,4516.923076,4271.282051,4443.076923,4232.307692,4437.435897,4201.025641,4236.923076,4514.871794,4231.282051,4622.051282,4024.615384,4034.871794
6,4370.769230,4543.589743,4515.897435,4275.897435,4445.128205,4233.333333,4438.461538,4203.589743,4236.410256,4520.000000,4238.461538,4629.743589,4025.641025,4040.512820
7,4374.358974,4538.461538,4516.923076,4283.076923,4444.102564,4233.333333,4442.564102,4205.128205,4243.589743,4530.256410,4247.692307,4633.846153,4028.205128,4041.538461
8,4368.205128,4529.743589,4516.923076,4280.512820,4439.487179,4230.769230,4437.435897,4201.025641,4240.000000,4522.051282,4244.102564,4624.102564,4022.564102,4031.794871
9,4361.538461,4529.743589,4509.230769,4274.871794,4438.461538,4228.717948,4432.307692,4198.974358,4233.333333,4510.256410,4228.717948,4616.410256,4018.974358,4026.153846
10,4366.153846,4537.435897,4505.128205,4270.769230,4442.051282,4232.307692,4440.000000,4201.538461,4236.410256,4511.794871,4220.000000,4616.410256,4027.179487,4029.230769
11,4367.179487,4538.461538,4505.641025,4266.666666,4445.128205,4234.358974,4443.589743,4202.564102,4237.948717,4510.769230,4217.948717,4613.333333,4029.743589,4031.282051
12,4362.564102,4536.410256,4505.641025,4272.820512,4441.538461,4230.769230,4435.897435,4198.461538,4231.282051,4507.692307,4218.974358,4610.769230,4022.564102,4031.282051
13,4371.282051,4538.461538,4514.871794,4283.589743,4441.025641,4233.846153,4436.923076,4199.487179,4232.307692,4512.820512,4229.743589,4617.435897,4027.179487,4038.974358
14,4383.589743,4538.974358,4525.641025,4281.025641,4453.333333,4246.153846,4447.179487,4208.717948,4242.051282,4518.461538,4245.128205,4627.179487,4036.410256,4046.153846
15,4380.512820,4540.512820,4524.102564,4277.948717,4457.948717,4248.717948,4446.153846,4210.769230,4246.153846,4523.076923,4245.128205,4631.282051,4029.743589,4043.589743
16,4372.307692,4543.076923,4515.897435,4281.025641,4450.769230,4244.102564,4443.076923,4204.102564,4238.974358,4524.615384,4232.307692,4627.692307,4022.051282,4036.923076
17,4372.820512,4540.512820,4511.282051,4277.435897,4451.282051,4245.128205,4444.102564,4197.948717,4230.769230,4516.923076,4224.615384,4622.051282,4026.666666,4034.871794
18,4375.897435,4543.589743,4512.820512,4277.435897,4458.974358,4249.743589,4443.589743,4201.025641,4236.410256,4512.820512,4230.256410,4623.076923,4031.282051,4036.923076
19,4372.820512,4552.307692,4513.333333,4287.692307,4460.512820,4246.666666,4440.512820,4203.076923,4242.564102,4521.025641,4234.871794,4625.641025,4027.179487,4037.948717
20,4367.179487,4542.564102,4507.692307,4286.666666,4455.384615,4237.435897,4432.307692,4191.282051,4234.358974,4514.358974,4226.153846,4622.051282,4017.435897,4035.384615
21,4368.205128,4529.230769,4504.102564,4274.871794,4447.692307,4232.307692,4426.153846,4183.589743,4225.128205,4498.461538,4223.076923,4618.974358,4017.435897,4034.871794
22,4373.846153,4535.384615,4510.769230,4276.923076,4443.589743,4233.846153,4433.333333,4196.923076,4229.230769,4506.666666,4229.230769,4621.538461,4025.128205,4040.000000
23,4372.820512,4536.410256,4510.769230,4284.102564,4445.641025,4234.358974,4441.025641,4204.615384,4233.846153,4516.410256,4226.666666,4622.051282,4018.974358,4040.512820
24,4368.717948,4523.076923,4502.051282,4275.897435,4442.051282,4230.769230,4434.871794,4189.743589,4228.717948,4509.230769,4218.974358,4615.384615,4005.641025,4033.333333
25,4369.230769,4521.538461,4502.051282,4265.641025,4438.461538,4226.666666,4429.230769,4183.076923,4224.102564,4502.564102,4219.487179,4613.846153,4010.769230,4033.333333
26,4363.076923,4525.128205,4502.051282,4262.564102,4441.025641,4224.102564,4426.666666,4186.666666,4217.948717,4497.948717,4218.461538,4612.820512,4015.897435,4032.820512
27,4354.358974,4517.948717,4495.897435,4262.564102,4437.948717,4226.666666,4424.102564,4183.076923,4211.282051,4491.794871,4212.820512,4605.128205,4000.512820,4025.128205
28,4361.025641,4517.435897,4497.948717,4266.153846,4435.897435,4231.282051,4430.769230,4183.589743,4214.358974,4497.435897,4214.871794,4603.076923,3993.846154,4027.692307
29,4368.205128,4524.102564,4500.000000,4268.717948,4442.051282,4231.794871,4436.410256,4186.153846,4217.948717,4505.641025,4215.897435,4607.692307,4001.538461,4034.358974
30,4361.538461,4520.512820,4494.871794,4264.615384,4440.000000,4229.230769,4430.769230,4185.128205,4215.897435,4500.512820,4212.307692,4606.153846,4002.051282,4029.743589
31,4358.461538,4514.871794,4495.384615,4261.025641,4432.820512,4224.615384,4425.641025,4184.615384,4210.769230,4494.358974,4215.384615,4602.564102,4002.051282,4028.717948
32,4364.615384,4518.974358,4501.025641,4260.512820,4436.410256,4219.487179,4425.641025,4185.128205,4211.282051,4498.461538,4218.461538,4604.102564,4002.051282,4033.846153
33,4367.179487,4524.615384,4502.564102,4263.076923,4438.974358,4220.512820,4423.589743,4184.102564,4217.948717,4508.205128,4215.897435,4607.179487,4000.000000,4033.846153
34,4368.717948,4524.615384,4507.179487,4268.205128,4438.461538,4227.692307,4427.179487,4190.769230,4220.512820,4511.282051,4219.487179,4613.333333,4003.589743,4033.333333
35,4371.282051,4522.564102,4509.743589,4266.153846,4440.512820,4231.282051,4438.461538,4195.897435,4215.384615,4503.589743,4226.153846,4616.923076,4007.179487,4034.871794
36,4369.743589,4523.076923,4507.692307,4261.025641,4439.487179,4230.256410,4441.538461,4192.307692,4217.948717,4503.076923,4221.538461,4613.846153,4005.128205,4034.358974
37,4368.717948,4520.512820,4508.717948,4266.153846,4438.974358,4229.743589,4434.358974,4193.846153,4225.641025,4513.846153,4214.358974,4611.282051,4005.641025,4032.307692
38,4369.230769,4514.871794,4506.666666,4269.743589,4438.974358,4229.230769,4429.230769,4198.974358,4221.538461,4515.384615,4214.358974,4611.794871,4006.666666,4029.743589
39,4371.794871,4516.923076,4503.076923,4264.102564,4433.846153,4226.666666,4428.205128,4198.461538,4218.461538,4511.282051,4216.923076,4609.743589,4008.717948,4032.307692
40,4377.948717,4522.564102,4509.743589,4262.051282,4435.384615,4228.205128,4428.717948,4198.974358,4224.102564,4513.846153,4224.102564,4612.307692,4013.846153,4040.000000
41,4383.589743,4524.615384,4519.487179,4264.102564,4444.102564,4232.307692,4432.307692,4204.615384,4229.230769,4517.948717,4234.358974,4618.974358,4014.358974,4044.615384
42,4383.589743,4524.615384,4518.461538,4263.589743,4442.051282,4232.307692,4437.435897,4204.102564,4228.717948,4514.358974,4233.333333,4622.564102,4012.307692,4043.589743
43,4378.461538,4520.000000,4513.846153,4265.641025,4441.025641,4233.846153,4439.487179,4201.538461,4231.282051,4509.743589,4218.974358,4617.948717,4012.307692,4041.025641
44,4374.871794,4514.871794,4511.282051,4269.230769,4445.641025,4232.820512,4436.410256,4203.076923,4233.846153,4511.794871,4214.871794,4612.820512,4011.282051,4036.410256
45,4377.948717,4520.000000,4509.743589,4266.153846,4444.615384,4231.794871,4436.410256,4204.102564,4232.307692,4520.512820,4225.128205,4616.410256,4011.794871,4033.846153
46,4381.025641,4529.230769,4511.282051,4263.076923,4443.589743,4233.846153,4438.974358,4204.615384,4233.846153,4525.641025,4228.717948,4620.000000,4010.256410,4039.487179
47,4373.333333,4525.641025,4511.282051,4265.128205,4444.102564,4233.333333,4436.923076,4204.102564,4235.384615,4512.820512,4218.461538,4613.333333,3998.461539,4037.948717
48,4362.564102,4514.358974,4505.641025,4267.179487,4441.538461,4231.794871,4436.410256,4200.512820,4227.692307,4498.974358,4206.666666,4604.102564,3991.282052,4025.641025
49,4360.512820,4514.358974,4502.051282,4265.641025,4441.538461,4232.307692,4436.923076,4192.307692,4217.435897,4502.051282,4209.230769,4601.538461,4000.000000,4022.051282
50,4364.102564,4517.948717,4503.076923,4258.461538,4441.538461,4232.307692,4434.358974,4188.205128,4218.461538,4505.128205,4217.435897,4605.128205,4002.051282,4026.666666
51,4365.641025,4513.333333,4503.589743,4253.846153,4434.871794,4230.769230,4433.846153,4190.256410,4223.076923,4498.461538,4211.794871,4607.179487,3989.743590,4024.102564
52,4367.179487,4511.794871,4505.128205,4262.051282,4433.333333,4230.256410,4437.948717,4193.846153,4223.589743,4494.871794,4204.102564,4606.153846,3988.205129,4020.512820
53,4371.794871,4522.051282,4510.256410,4271.794871,4438.461538,4230.769230,4438.974358,4196.923076,4222.564102,4501.538461,4213.333333,4612.307692,4002.564102,4029.230769
54,4374.871794,4528.205128,4515.384615,4269.230769,4444.615384,4232.820512,4437.435897,4202.051282,4226.153846,4509.230769,4223.589743,4617.948717,4005.641025,4034.358974
55,4370.256410,4514.871794,4513.846153,4262.051282,4441.025641,4233.333333,4435.384615,4197.435897,4225.128205,4503.589743,4216.923076,4610.769230,3985.128206,4026.153846
56,4365.128205,4504.615384,4508.717948,4261.538461,4431.282051,4230.256410,4433.333333,4184.102564,4217.435897,4494.358974,4212.307692,4606.153846,3969.743590,4018.461538
57,4368.717948,4516.923076,4508.717948,4265.128205,4434.871794,4231.282051,4441.538461,4185.128205,4218.974358,4499.487179,4214.358974,4612.820512,3985.128206,4023.076923
58,4372.307692,4521.538461,4511.282051,4267.692307,4439.487179,4235.384615,4448.717948,4200.000000,4231.794871,4505.641025,4215.897435,4616.923076,4005.128205,4031.794871
59,4368.717948,4509.743589,4511.282051,4265.641025,4432.307692,4233.846153,4447.692307,4204.102564,4237.948717,4504.102564,4215.897435,4615.897435,3997.948718,4032.307692
60,4366.153846,4511.794871,4511.282051,4263.076923,4429.743589,4230.256410,4448.205128,4198.974358,4233.333333,4504.615384,4217.435897,4616.410256,3982.051283,4025.128205
61,4367.179487,4518.974358,4512.820512,4261.025641,4436.923076,4231.794871,4447.179487,4195.897435,4229.743589,4501.025641,4220.000000,4613.846153,3984.102565,4021.538461
62,4366.153846,4511.794871,4511.794871,4260.512820,4437.948717,4235.384615,4445.641025,4194.871794,4227.692307,4498.461538,4219.487179,4612.307692,3992.820513,4025.128205
63,4368.717948,4509.230769,4513.333333,4263.589743,4433.846153,4233.846153,4449.230769,4198.974358,4230.256410,4513.846153,4221.025641,4617.435897,3997.948718,4032.820512
64,4372.820512,4516.410256,4515.897435,4267.179487,4432.820512,4231.282051,4451.794871,4205.641025,4237.948717,4518.974358,4224.615384,4620.000000,3997.948718,4032.820512
65,4367.179487,4514.358974,4513.333333,4263.076923,4429.230769,4231.794871,4448.205128,4201.538461,4233.846153,4503.076923,4222.051282,4613.846153,3990.256411,4024.615384
66,4360.000000,4506.666666,4507.179487,4254.358974,4427.692307,4228.717948,4444.102564,4192.307692,4223.076923,4501.538461,4211.282051,4605.128205,3982.564103,4018.974358
67,4358.461538,4503.076923,4503.076923,4249.230769,4429.230769,4221.025641,4440.512820,4187.179487,4218.461538,4505.641025,4206.153846,4600.512820,3977.948718,4016.410256
68,4355.897435,4501.538461,4501.538461,4246.666666,4427.179487,4214.871794,4437.435897,4183.076923,4215.897435,4491.794871,4211.794871,4598.974358,3976.923077,4011.794871
69,4356.410256,4506.153846,4502.051282,4249.230769,4426.666666,4218.974358,4440.512820,4184.102564,4213.333333,4486.666666,4216.923076,4603.076923,3983.076924,4013.333333
70,4371.282051,4516.410256,4511.282051,4265.128205,4432.820512,4229.743589,4445.641025,4194.871794,4221.538461,4501.538461,4223.076923,4614.871794,3994.358975,4028.205128
71,4384.102564,4522.051282,4518.974358,4273.333333,4438.461538,4235.384615,4449.230769,4203.589743,4234.358974,4512.820512,4230.256410,4624.615384,3998.974359,4038.461538
72,4380.512820,4515.384615,4520.512820,4264.102564,4437.948717,4233.846153,4454.358974,4203.076923,4235.384615,4512.307692,4232.307692,4622.564102,4000.512820,4031.282051
73,4376.410256,4512.307692,4520.000000,4264.102564,4437.948717,4233.333333,4457.948717,4200.512820,4229.230769,4506.666666,4228.717948,4617.948717,3999.487180,4025.641025
74,4381.538461,4522.564102,4520.512820,4272.307692,4441.025641,4235.384615,4456.410256,4201.538461,4231.282051,4505.641025,4230.769230,4622.051282,3997.948718,4032.820512
75,4385.641025,4524.102564,4524.615384,4268.717948,4440.512820,4236.410256,4453.846153,4203.076923,4234.871794,4506.666666,4235.897435,4626.666666,4001.538461,4040.000000
76,4381.538461,4520.512820,4523.076923,4262.564102,4435.897435,4233.333333,4452.820512,4203.076923,4228.205128,4503.589743,4228.205128,4621.538461,3995.384616,4031.794871
77,4376.410256,4522.051282,4519.487179,4260.512820,4434.871794,4233.333333,4449.743589,4202.051282,4223.076923,4502.564102,4222.051282,4616.410256,3986.153847,4023.076923
78,4378.461538,4521.538461,4523.076923,4263.076923,4440.512820,4237.948717,4449.230769,4200.000000,4226.666666,4510.769230,4226.153846,4620.512820,3992.820513,4025.641025
79,4384.102564,4522.051282,4526.153846,4275.384615,4445.641025,4239.487179,4455.384615,4205.128205,4233.846153,4521.025641,4226.666666,4627.179487,4001.025641,4029.743589
80,4385.128205,4525.128205,4523.589743,4283.589743,4445.641025,4242.564102,4456.923076,4212.820512,4237.435897,4526.153846,4225.641025,4625.641025,3994.871795,4030.256410
81,4378.974358,4522.564102,4518.974358,4274.358974,4443.076923,4243.589743,4450.769230,4207.179487,4230.769230,4512.307692,4224.615384,4621.025641,3989.743590,4026.666666
82,4376.410256,4524.615384,4517.948717,4263.589743,4440.512820,4238.974358,4452.820512,4198.974358,4223.589743,4495.384615,4220.512820,4619.487179,3990.769231,4022.051282
83,4382.051282,4533.846153,4520.512820,4268.205128,4441.025641,4240.512820,4462.051282,4207.692307,4226.666666,4502.051282,4220.000000,4620.512820,3991.282052,4025.128205
84,4389.230769,4531.794871,4523.589743,4278.974358,4446.153846,4248.717948,4463.589743,4218.974358,4232.307692,4514.358974,4228.717948,4625.641025,3993.846154,4030.769230
85,4391.282051,4526.153846,4524.102564,4283.076923,4446.666666,4250.769230,4460.000000,4212.820512,4233.846153,4517.948717,4236.923076,4629.743589,3996.923077,4032.820512
86,4386.153846,4528.205128,4524.615384,4277.435897,4444.102564,4242.051282,4457.948717,4203.076923,4231.794871,4518.461538,4234.871794,4626.666666,3997.948718,4033.333333
87,4383.076923,4528.717948,4520.000000,4267.179487,4446.666666,4240.000000,4456.410256,4201.025641,4225.641025,4510.769230,4225.641025,4619.487179,3997.948718,4031.794871
88,4387.692307,4531.282051,4514.358974,4268.717948,4448.717948,4244.102564,4455.897435,4201.538461,4224.615384,4506.666666,4223.076923,4619.487179,3995.897436,4028.205128
89,4390.769230,4535.384615,4516.923076,4280.512820,4445.641025,4243.076923,4454.871794,4203.589743,4230.256410,4518.461538,4226.153846,4621.025641,3995.897436,4028.205128
90,4385.128205,4535.384615,4515.384615,4284.102564,4442.564102,4234.358974,4447.179487,4200.512820,4229.230769,4517.435897,4221.025641,4614.871794,3996.923077,4024.615384
91,4376.923076,4529.230769,4505.641025,4275.384615,4441.025641,4229.230769,4440.000000,4192.307692,4220.512820,4500.512820,4214.871794,4611.794871,3994.871795,4015.897435
92,4377.948717,4527.692307,4504.102564,4269.230769,4440.000000,4232.307692,4439.487179,4194.358974,4220.512820,4499.487179,4216.410256,4615.384615,3996.923077,4020.000000
93,4379.487179,4530.769230,4508.205128,4269.230769,4448.717948,4237.948717,4444.102564,4201.025641,4226.153846,4503.076923,4219.487179,4617.435897,3999.487180,4027.179487
94,4379.487179,4530.769230,4514.871794,4275.384615,4457.435897,4246.666666,4452.307692,4201.025641,4230.769230,4503.076923,4226.153846,4617.435897,3995.384616,4023.589743
95,4384.615384,4531.794871,4520.000000,4284.102564,4453.333333,4251.794871,4457.435897,4203.076923,4240.512820,4512.820512,4232.820512,4621.538461,3995.897436,4024.615384
96,4389.743589,4530.769230,4515.897435,4276.410256,4442.051282,4244.102564,4450.769230,4202.564102,4238.974358,4516.410256,4228.205128,4623.076923,4002.051282,4032.820512
97,4386.666666,4527.179487,4510.256410,4262.564102,4437.435897,4233.333333,4441.025641,4194.358974,4222.051282,4507.692307,4225.128205,4620.512820,4007.692307,4032.820512
98,4382.564102,4530.769230,4512.307692,4267.179487,4440.512820,4231.794871,4443.589743,4196.410256,4221.025641,4503.076923,4230.256410,4622.564102,4006.153846,4027.692307
99,4380.512820,4535.384615,4511.794871,4275.897435,4437.948717,4231.282051,4446.666666,4203.076923,4232.307692,4507.692307,4234.358974,4622.051282,3995.897436,4027.692307
100,4376.410256,4528.205128,4506.153846,4270.769230,4431.282051,4227.179487,4441.538461,4195.897435,4226.666666,4508.205128,4226.153846,4615.384615,3990.256411,4022.564102
101,4375.384615,4524.102564,4505.128205,4263.076923,4432.307692,4226.666666,4441.538461,4191.794871,4217.435897,4504.102564,4211.794871,4611.282051,3991.282052,4017.948717
102,4380.000000,4529.743589,4508.205128,4266.153846,4435.897435,4227.692307,4446.666666,4199.487179,4221.025641,4504.102564,4209.743589,4612.307692,3992.307693,4022.564102
103,4382.564102,4523.589743,4512.307692,4268.717948,4433.846153,4228.205128,4448.717948,4204.615384,4226.666666,4506.153846,4220.512820,4616.410256,3994.358975,4025.641025
104,4380.000000,4521.538461,4512.820512,4267.692307,4429.230769,4227.692307,4447.179487,4203.589743,4229.230769,4507.692307,4224.615384,4618.461538,3997.948718,4020.512820
105,4374.358974,4526.666666,4505.641025,4264.102564,4428.717948,4225.128205,4444.102564,4198.974358,4226.666666,4506.153846,4214.358974,4612.820512,3989.743590,4013.846153
106,4371.282051,4521.538461,4505.128205,4260.512820,4433.333333,4227.179487,4443.076923,4201.025641,4224.615384,4507.692307,4213.333333,4611.282051,3986.666667,4018.461538
107,4381.025641,4521.538461,4518.461538,4271.282051,4442.051282,4232.820512,4451.794871,4215.384615,4233.846153,4518.461538,4231.282051,4623.589743,4003.589743,4031.794871
108,4393.333333,4532.307692,4522.051282,4280.000000,4442.564102,4237.948717,4460.000000,4221.538461,4241.538461,4527.692307,4238.974358,4628.205128,4011.794871,4037.435897
109,4388.717948,4533.846153,4512.307692,4270.256410,4438.974358,4242.564102,4458.461538,4215.384615,4237.948717,4523.076923,4229.743589,4621.538461,4009.230769,4033.333333
110,4380.000000,4527.179487,4508.717948,4268.717948,4442.564102,4240.512820,4454.871794,4215.897435,4234.871794,4512.307692,4227.692307,4621.025641,4009.743589,4031.794871
111,4382.564102,4529.743589,4510.769230,4277.435897,4444.615384,4231.794871,4453.333333,4215.384615,4231.794871,4513.846153,4229.743589,4621.538461,4005.128205,4029.743589
112,4382.564102,4536.923076,4506.666666,4280.000000,4442.564102,4233.333333,4454.871794,4206.153846,4232.307692,4522.564102,4220.000000,4617.948717,3994.871795,4022.051282
113,4376.410256,4540.000000,4500.000000,4279.487179,4444.102564,4235.897435,4453.333333,4206.666666,4235.897435,4527.692307,4217.435897,4620.000000,3995.384616,4022.051282
114,4378.461538,4538.461538,4500.000000,4275.384615,4443.076923,4232.307692,4453.333333,4213.333333,4234.871794,4525.641025,4228.205128,4622.564102,4001.538461,4029.743589
115,4381.538461,4531.282051,4501.025641,4269.230769,4435.897435,4233.333333,4452.820512,4208.205128,4230.769230,4515.897435,4233.333333,4617.948717,4002.051282,4028.205128
116,4373.333333,4524.615384,4497.948717,4271.282051,4432.820512,4233.333333,4447.692307,4198.974358,4226.666666,4511.794871,4228.205128,4613.846153,4000.512820,4023.076923
117,4369.743589,4526.153846,4494.358974,4277.948717,4438.461538,4232.307692,4451.282051,4200.000000,4224.615384,4514.871794,4220.000000,4615.897435,3996.410257,4026.153846
118,4373.333333,4526.153846,4493.333333,4278.461538,4442.564102,4234.871794,4456.923076,4203.589743,4220.000000,4518.461538,4218.974358,4614.358974,3995.897436,4029.743589
119,4371.794871,4521.538461,4493.846153,4272.307692,4440.000000,4234.358974,4450.769230,4200.512820,4214.358974,4513.333333,4222.051282,4611.794871,4000.000000,4026.666666
120,4371.282051,4521.538461,4497.435897,4266.666666,4438.461538,4231.282051,4446.666666,4198.461538,4213.333333,4504.615384,4224.615384,4614.358974,3996.410257,4026.153846
121,4377.435897,4529.743589,4505.641025,4272.307692,4438.974358,4234.358974,4454.871794,4206.666666,4222.051282,4506.666666,4232.820512,4624.102564,3992.307693,4034.358974
122,4381.538461,4532.307692,4511.794871,4280.000000,4441.538461,4239.487179,4458.974358,4216.410256,4229.743589,4522.564102,4240.000000,4631.794871,3998.461539,4041.538461
123,4383.076923,4529.230769,4507.179487,4278.974358,4444.102564,4235.897435,4451.794871,4219.487179,4230.769230,4531.282051,4233.333333,4629.743589,4007.692307,4043.076923
124,4379.487179,4528.205128,4497.435897,4272.307692,4443.076923,4231.282051,4447.179487,4213.333333,4228.205128,4521.025641,4229.230769,4621.538461,4009.230769,4042.051282
125,4374.871794,4526.666666,4496.410256,4265.641025,4442.051282,4231.282051,4443.589743,4205.128205,4223.589743,4518.974358,4235.384615,4617.435897,4000.512820,4041.025641
126,4376.923076,4524.615384,4504.102564,4268.205128,4446.666666,4233.846153,4442.564102,4206.666666,4224.102564,4526.153846,4232.820512,4620.000000,3990.769231,4038.461538
127,4381.025641,4530.256410,4508.205128,4277.435897,4450.256410,4235.384615,4448.717948,4215.384615,4230.256410,4517.948717,4229.743589,4624.102564,3997.435898,4040.000000
128,4385.128205,4539.487179,4508.717948,4281.538461,4447.692307,4235.897435,4456.410256,4219.487179,4232.820512,4512.307692,4234.871794,4627.692307,4010.769230,4049.230769
129,4389.230769,4537.948717,4508.717948,4276.923076,4445.128205,4238.461538,4456.410256,4217.948717,4231.282051,4524.615384,4230.769230,4629.230769,4008.717948,4050.769230
130,4391.794871,4532.820512,4512.820512,4273.333333,4447.179487,4240.000000,4454.358974,4218.974358,4231.794871,4532.307692,4230.769230,4630.256410,4005.128205,4047.179487
131,4393.333333,4528.717948,4516.923076,4277.435897,4447.692307,4235.897435,4453.333333,4217.948717,4233.333333,4525.641025,4244.615384,4631.282051,4007.692307,4049.230769
132,4388.205128,4519.487179,4512.307692,4277.435897,4443.589743,4229.230769,4447.692307,4213.846153,4228.717948,4522.564102,4241.538461,4628.717948,4000.000000,4043.589743
133,4381.538461,4521.538461,4504.102564,4272.307692,4438.974358,4226.666666,4440.512820,4211.794871,4226.666666,4522.564102,4225.641025,4626.153846,3991.794872,4035.897435
134,4385.641025,4528.205128,4506.153846,4270.769230,4436.923076,4228.717948,4444.615384,4213.333333,4230.256410,4520.000000,4224.615384,4629.743589,4001.025641,4040.512820
135,4393.333333,4529.743589,4516.923076,4270.256410,4437.948717,4230.769230,4452.307692,4216.923076,4228.205128,4522.051282,4233.333333,4636.410256,4006.153846,4047.692307
136,4393.333333,4534.871794,4520.000000,4274.358974,4444.615384,4235.384615,4454.358974,4215.384615,4224.102564,4527.692307,4240.000000,4638.974358,4004.102564,4052.307692
137,4394.871794,4540.000000,4517.435897,4286.153846,4449.743589,4242.051282,4454.358974,4215.897435,4229.230769,4533.846153,4248.717948,4638.461538,4018.461538,4060.512820
138,4400.000000,4535.897435,4516.923076,4287.692307,4448.205128,4240.512820,4455.897435,4221.025641,4237.435897,4540.000000,4250.256410,4638.974358,4030.256410,4062.051282
139,4402.051282,4539.487179,4516.410256,4284.102564,4452.820512,4238.974358,4458.461538,4223.076923,4239.487179,4542.051282,4243.076923,4638.974358,4023.589743,4055.897435
140,4400.000000,4550.769230,4515.384615,4286.153846,4456.410256,4242.564102,4456.923076,4220.512820,4237.435897,4535.897435,4241.538461,4634.871794,4015.384615,4054.358974
141,4397.435897,4550.769230,4514.358974,4282.564102,4449.230769,4243.589743,4454.871794,4217.435897,4236.410256,4533.333333,4244.615384,4630.769230,4016.410256,4054.871794
142,4400.512820,4546.666666,4511.282051,4280.000000,4449.230769,4242.564102,4458.461538,4216.923076,4237.948717,4535.897435,4251.282051,4633.846153,4018.974358,4057.948717
143,4404.615384,4544.102564,4507.692307,4286.666666,4456.923076,4243.076923,4461.025641,4216.923076,4238.461538,4532.820512,4249.743589,4635.897435,4021.538461,4059.487179
144,4398.461538,4540.512820,4508.205128,4282.564102,4456.410256,4238.974358,4457.435897,4217.435897,4234.871794,4531.794871,4236.410256,4631.282051,4022.564102,4051.282051
145,4388.717948,4533.846153,4506.666666,4269.743589,4448.205128,4233.846153,4453.333333,4215.897435,4229.743589,4532.307692,4229.743589,4626.153846,4010.769230,4045.641025
146,4389.230769,4525.641025,4503.589743,4269.230769,4447.692307,4233.333333,4451.282051,4213.846153,4229.230769,4525.128205,4232.820512,4621.025641,4002.564102,4046.666666
147,4395.897435,4530.256410,4507.179487,4276.923076,4447.692307,4232.307692,4449.230769,4214.358974,4229.743589,4520.000000,4232.820512,4621.025641,4010.256410,4045.641025
148,4393.846153,4537.435897,4507.692307,4277.435897,4444.102564,4233.333333,4450.256410,4215.384615,4226.666666,4525.128205,4231.282051,4624.102564,4013.846153,4043.076923
149,4387.692307,4531.282051,4505.128205,4272.820512,4442.564102,4234.358974,4452.307692,4213.846153,4222.564102,4523.589743,4232.820512,4626.666666,4006.666666,4043.589743
150,4391.794871,4527.692307,4509.230769,4271.794871,4443.589743,4230.769230,4453.333333,4214.871794,4228.205128,4521.025641,4233.846153,4628.717948,4007.179487,4043.076923
151,4399.487179,4536.923076,4514.358974,4276.410256,4446.153846,4234.871794,4456.923076,4217.948717,4235.384615,4526.666666,4233.846153,4630.256410,4014.871794,4044.615384
152,4398.461538,4540.512820,4510.256410,4278.974358,4451.282051,4243.589743,4461.025641,4218.461538,4232.307692,4525.128205,4231.794871,4627.692307,4016.410256,4045.128205
153,4394.871794,4534.871794,4506.153846,4277.435897,4455.897435,4243.076923,4460.512820,4214.871794,4228.205128,4520.512820,4230.769230,4620.512820,4016.923076,4042.051282
154,4390.256410,4529.743589,4503.589743,4268.205128,4452.307692,4234.358974,4453.333333,4211.282051,4227.692307,4518.974358,4232.820512,4614.358974,4010.769230,4035.897435
155,4385.128205,4531.282051,4497.948717,4258.461538,4443.589743,4229.743589,4449.230769,4211.282051,4227.179487,4516.923076,4227.179487,4616.410256,4001.538461,4032.820512
156,4387.692307,4536.923076,4501.025641,4265.128205,4445.128205,4235.384615,4453.846153,4215.897435,4231.794871,4523.589743,4225.641025,4625.128205,4008.205128,4036.923076
157,4392.820512,4537.435897,4509.743589,4281.538461,4452.820512,4244.102564,4458.974358,4217.435897,4238.461538,4531.794871,4238.461538,4625.128205,4012.307692,4043.076923
158,4393.846153,4540.000000,4506.666666,4287.692307,4457.948717,4241.538461,4455.384615,4214.871794,4237.948717,4525.641025,4240.512820,4618.974358,4010.256410,4042.564102
159,4395.384615,4544.102564,4504.102564,4282.564102,4460.000000,4237.435897,4454.358974,4215.384615,4232.307692,4525.641025,4232.307692,4620.512820,4018.974358,4043.589743
160,4400.000000,4538.974358,4510.769230,4280.000000,4459.487179,4242.051282,4460.512820,4217.435897,4231.794871,4533.846153,4233.333333,4624.102564,4024.102564,4049.230769
161,4398.974358,4538.974358,4509.230769,4280.512820,4461.025641,4241.538461,4458.974358,4213.846153,4233.333333,4530.256410,4233.846153,4621.538461,4020.512820,4048.205128
162,4394.871794,4552.820512,4507.179487,4280.512820,4460.000000,4233.333333,4453.846153,4214.871794,4234.358974,4527.179487,4234.871794,4623.076923,4021.538461,4042.564102
163,4398.461538,4553.846153,4510.256410,4284.615384,4454.871794,4232.307692,4455.897435,4219.487179,4233.846153,4528.717948,4242.564102,4630.256410,4022.564102,4045.128205
164,4400.000000,4539.487179,4508.717948,4285.128205,4447.692307,4235.384615,4454.871794,4210.769230,4225.641025,4521.538461,4241.538461,4630.256410,4017.948717,4047.179487
165,4391.794871,4533.333333,4506.153846,4280.512820,4443.076923,4230.256410,4448.205128,4198.974358,4215.897435,4512.820512,4229.230769,4622.051282,4014.871794,4038.461538
166,4383.589743,4531.282051,4505.128205,4269.743589,4444.102564,4224.615384,4446.153846,4200.512820,4216.410256,4510.769230,4225.128205,4614.871794,4012.820512,4031.794871
167,4381.538461,4526.666666,4500.512820,4260.000000,4444.615384,4225.641025,4445.128205,4203.076923,4216.923076,4506.666666,4220.512820,4612.820512,4004.102564,4033.333333
168,4380.512820,4530.769230,4500.512820,4268.205128,4444.102564,4230.256410,4447.179487,4198.974358,4217.948717,4504.615384,4212.820512,4615.384615,3999.487180,4034.358974
169,4382.564102,4537.948717,4506.153846,4281.538461,4445.128205,4232.820512,4454.358974,4202.051282,4230.769230,4510.256410,4222.564102,4621.538461,4008.205128,4037.435897
170,4386.666666,4538.974358,4509.230769,4280.000000,4446.666666,4232.820512,4456.410256,4210.256410,4235.897435,4515.384615,4234.871794,4625.128205,4013.333333,4042.564102
171,4381.025641,4532.820512,4508.205128,4270.769230,4447.692307,4229.743589,4451.282051,4207.692307,4223.589743,4515.384615,4230.769230,4620.512820,4007.692307,4038.461538
172,4372.307692,4524.615384,4500.000000,4261.025641,4443.589743,4224.615384,4447.179487,4202.051282,4217.948717,4515.384615,4216.923076,4613.333333,4005.128205,4028.205128
173,4373.333333,4522.564102,4494.358974,4257.435897,4437.435897,4225.128205,4447.179487,4199.487179,4224.615384,4515.384615,4210.256410,4610.256410,4008.205128,4026.153846
174,4382.564102,4537.948717,4505.128205,4273.333333,4445.641025,4237.948717,4454.871794,4207.692307,4230.769230,4514.871794,4223.589743,4616.923076,4006.666666,4032.307692
175,4387.179487,4550.256410,4512.820512,4284.615384,4457.435897,4244.102564,4463.076923,4214.358974,4231.282051,4512.820512,4231.794871,4623.589743,4003.589743,4036.410256
176,4384.615384,4541.025641,4504.102564,4275.897435,4449.743589,4238.461538,4457.948717,4209.743589,4229.743589,4510.256410,4218.461538,4616.923076,4010.256410,4035.384615
177,4384.102564,4540.000000,4502.051282,4275.897435,4443.589743,4235.897435,4456.923076,4210.769230,4231.282051,4513.846153,4217.435897,4611.794871,4018.461538,4035.384615
178,4383.589743,4550.769230,4510.769230,4280.000000,4451.282051,4238.974358,4463.589743,4215.897435,4232.820512,4521.538461,4231.794871,4619.487179,4018.461538,4035.897435
179,4377.435897,4540.512820,4506.153846,4271.794871,4450.256410,4235.384615,4456.410256,4208.717948,4229.230769,4516.923076,4223.589743,4617.435897,4010.769230,4028.205128
180,4371.282051,4523.589743,4495.897435,4269.230769,4442.564102,4228.205128,4443.589743,4196.410256,4220.512820,4506.153846,4209.743589,4603.076923,4003.589743,4022.051282
181,4370.769230,4529.230769,4498.974358,4273.846153,4444.615384,4228.717948,4442.564102,4198.461538,4214.871794,4506.666666,4215.384615,4604.615384,4005.641025,4023.589743
182,4376.923076,4544.615384,4507.692307,4275.897435,4448.205128,4232.307692,4445.128205,4202.564102,4217.948717,4510.256410,4221.025641,4616.923076,4016.410256,4030.256410
183,4383.076923,4548.205128,4510.256410,4277.435897,4445.641025,4230.769230,4447.692307,4200.512820,4226.666666,4514.871794,4224.615384,4621.538461,4020.512820,4038.461538
184,4385.641025,4545.641025,4511.282051,4278.461538,4447.692307,4233.846153,4455.384615,4208.717948,4232.307692,4524.615384,4234.871794,4624.615384,4016.923076,4042.564102
185,4386.666666,4536.923076,4512.820512,4279.487179,4452.820512,4240.512820,4458.974358,4220.512820,4232.820512,4527.692307,4230.769230,4626.666666,4019.487179,4036.923076
186,4385.641025,4534.871794,4511.282051,4277.948717,4451.282051,4239.487179,4457.435897,4217.435897,4233.846153,4519.487179,4219.487179,4623.589743,4023.589743,4030.769230
187,4382.564102,4541.025641,4508.717948,4271.282051,4441.025641,4232.820512,4455.384615,4208.205128,4234.871794,4511.282051,4222.564102,4620.512820,4022.564102,4030.256410
188,4378.974358,4535.384615,4507.692307,4270.256410,4437.435897,4231.282051,4449.230769,4210.256410,4230.256410,4511.794871,4229.743589,4620.512820,4017.435897,4028.205128
189,4381.538461,4532.307692,4509.743589,4276.410256,4445.641025,4235.384615,4450.769230,4214.871794,4230.769230,4523.076923,4233.333333,4625.128205,4016.410256,4029.743589
190,4388.717948,4539.487179,4513.333333,4280.000000,4446.666666,4240.512820,4456.410256,4217.435897,4243.076923,4535.897435,4232.820512,4629.743589,4021.538461,4036.923076
191,4385.128205,4540.512820,4509.230769,4279.487179,4441.025641,4244.615384,4455.897435,4214.871794,4243.589743,4532.820512,4222.564102,4623.589743,4023.589743,4034.871794
192,4376.923076,4534.358974,4502.564102,4274.358974,4443.589743,4246.153846,4453.333333,4210.256410,4233.846153,4526.153846,4215.384615,4613.333333,4022.564102,4025.128205
193,4382.051282,4533.846153,4504.615384,4271.794871,4448.205128,4245.641025,4455.897435,4212.820512,4238.461538,4528.717948,4224.615384,4616.410256,4020.000000,4025.641025
194,4389.230769,4539.487179,4507.692307,4280.000000,4446.666666,4241.538461,4456.923076,4210.256410,4245.128205,4525.128205,4232.820512,4623.589743,4012.820512,4031.794871
195,4383.589743,4541.538461,4507.179487,4282.564102,4444.102564,4240.512820,4455.384615,4197.948717,4235.384615,4515.897435,4224.102564,4620.000000,4008.205128,4029.743589
196,4378.974358,4539.487179,4507.692307,4276.923076,4447.179487,4241.025641,4455.384615,4194.358974,4226.153846,4515.897435,4215.384615,4615.384615,4021.025641,4028.717948
197,4383.589743,4538.974358,4508.205128,4278.461538,4449.230769,4238.461538,4456.923076,4202.564102,4233.846153,4525.128205,4221.025641,4622.564102,4036.923076,4037.948717
198,4384.615384,4544.102564,4508.205128,4282.051282,4449.743589,4238.974358,4460.512820,4209.230769,4245.128205,4531.794871,4234.358974,4630.256410,4031.282051,4040.512820
199,4381.538461,4544.102564,4507.179487,4279.487179,4449.743589,4238.461538,4458.974358,4204.102564,4238.974358,4527.179487,4229.743589,4624.102564,4012.307692,4029.230769
200,4382.051282,4538.461538,4505.641025,4276.410256,4446.153846,4234.358974,4453.846153,4200.512820,4229.743589,4516.410256,4219.487179,4617.948717,4013.333333,4025.128205
201,4380.000000,4538.461538,4506.153846,4278.461538,4443.076923,4234.358974,4454.871794,4207.692307,4235.897435,4520.000000,4227.179487,4620.512820,4031.794871,4033.846153
202,4375.897435,4540.512820,4508.205128,4278.461538,4444.615384,4236.410256,4459.487179,4210.769230,4243.589743,4531.282051,4231.794871,4622.564102,4035.384615,4041.025641
203,4376.923076,4541.025641,4504.102564,4272.307692,4445.641025,4232.820512,4454.871794,4204.102564,4236.923076,4526.153846,4223.589743,4621.538461,4018.974358,4034.871794
204,4371.282051,4534.358974,4496.923076,4265.128205,4435.384615,4228.205128,4446.666666,4196.923076,4225.128205,4517.435897,4220.000000,4617.435897,4010.256410,4025.128205
205,4361.538461,4525.641025,4490.769230,4262.051282,4431.794871,4225.128205,4446.153846,4192.820512,4222.564102,4512.307692,4222.051282,4611.794871,4015.897435,4018.974358
206,4363.076923,4523.589743,4493.333333,4260.000000,4440.512820,4228.205128,4451.282051,4196.410256,4227.692307,4504.615384,4220.512820,4611.794871,4017.948717,4018.974358
207,4368.717948,4525.641025,4501.538461,4259.487179,4440.512820,4233.333333,4456.410256,4205.641025,4232.307692,4505.641025,4220.000000,4615.384615,4014.871794,4024.102564
208,4368.205128,4530.769230,4500.512820,4266.153846,4434.358974,4232.820512,4458.461538,4205.641025,4231.794871,4514.871794,4217.435897,4615.897435,4013.846153,4027.179487
209,4363.589743,4532.307692,4497.948717,4268.717948,4434.358974,4229.230769,4455.897435,4200.512820,4230.769230,4517.948717,4214.871794,4615.897435,4013.333333,4027.692307
210,4360.512820,4525.128205,4500.000000,4263.076923,4437.948717,4229.230769,4455.384615,4205.128205,4232.820512,4516.923076,4221.538461,4614.871794,4008.205128,4024.615384
211,4362.564102,4524.615384,4504.102564,4265.128205,4440.512820,4236.410256,4461.538461,4210.256410,4234.871794,4515.897435,4229.743589,4616.923076,4009.230769,4025.128205
212,4369.230769,4535.384615,4507.692307,4273.846153,4446.153846,4242.051282,4461.538461,4208.205128,4238.974358,4513.333333,4230.256410,4622.051282,4021.538461,4033.846153
213,4368.205128,4537.948717,4505.641025,4271.794871,4446.153846,4236.923076,4450.256410,4201.538461,4236.923076,4512.820512,4223.076923,4621.538461,4023.589743,4037.948717
214,4364.102564,4528.717948,4501.538461,4267.179487,4439.487179,4228.205128,4441.025641,4198.974358,4230.769230,4515.384615,4222.051282,4615.897435,4015.384615,4033.846153
215,4362.564102,4529.743589,4501.538461,4267.692307,4440.512820,4229.230769,4441.538461,4201.025641,4231.282051,4521.025641,4231.282051,4617.435897,4016.410256,4031.794871
216,4358.461538,4533.846153,4500.000000,4262.051282,4442.051282,4233.333333,4445.641025,4200.512820,4232.307692,4520.512820,4232.307692,4615.384615,4021.025641,4031.794871
217,4356.410256,4524.102564,4491.282051,4258.974358,4438.974358,4228.717948,4444.102564,4198.461538,4226.666666,4512.307692,4222.051282,4606.666666,4011.282051,4024.102564
218,4355.897435,4513.846153,4488.205128,4264.615384,4438.974358,4223.076923,4444.102564,4198.974358,4224.102564,4504.102564,4211.282051,4602.564102,4002.051282,4020.512820
219,4352.820512,4514.871794,4492.307692,4262.564102,4440.000000,4227.692307,4448.205128,4200.512820,4226.153846,4503.589743,4210.769230,4605.128205,4010.256410,4024.615384
220,4357.948717,4526.153846,4498.974358,4261.538461,4437.948717,4235.384615,4449.743589,4203.076923,4230.769230,4512.307692,4225.641025,4610.256410,4017.435897,4032.820512
221,4367.179487,4537.948717,4506.153846,4268.717948,4438.974358,4233.846153,4448.205128,4205.128205,4231.794871,4515.897435,4234.871794,4615.897435,4017.435897,4040.512820
222,4366.153846,4536.923076,4505.641025,4271.282051,4443.589743,4228.205128,4443.589743,4201.538461,4222.564102,4508.205128,4221.538461,4616.410256,4020.000000,4041.025641
223,4368.205128,4530.256410,4504.102564,4272.820512,4444.102564,4227.179487,4440.000000,4201.025641,4220.000000,4504.615384,4220.512820,4618.974358,4024.615384,4042.564102
224,4378.461538,4538.974358,4511.282051,4280.512820,4444.102564,4230.769230,4448.205128,4207.179487,4230.769230,4517.435897,4241.538461,4625.128205,4025.641025,4051.794871
225,4376.410256,4551.282051,4515.384615,4284.615384,4445.641025,4235.384615,4455.897435,4207.692307,4235.384615,4526.153846,4243.076923,4624.102564,4024.102564,4051.794871
226,4365.128205,4541.538461,4509.743589,4278.974358,4443.076923,4231.794871,4449.230769,4201.538461,4229.743589,4515.897435,4228.205128,4618.974358,4024.615384,4042.564102
227,4362.564102,4534.358974,4505.641025,4275.384615,4441.538461,4226.666666,4449.230769,4199.487179,4227.692307,4507.692307,4225.641025,4617.435897,4023.076923,4043.076923
228,4361.025641,4540.000000,4506.153846,4278.974358,4442.051282,4230.769230,4455.897435,4206.666666,4228.205128,4507.179487,4229.743589,4614.358974,4013.333333,4046.666666
229,4354.358974,4538.461538,4505.128205,4277.948717,4441.025641,4232.820512,4455.384615,4212.307692,4230.256410,4506.153846,4226.153846,4613.333333,4005.641025,4041.025641
230,4350.256410,4533.333333,4502.051282,4269.743589,4443.076923,4231.282051,4454.871794,4208.205128,4229.743589,4507.692307,4220.000000,4615.897435,4011.282051,4036.923076
231,4353.333333,4534.358974,4500.512820,4270.769230,4447.692307,4237.435897,4457.435897,4206.666666,4226.666666,4508.717948,4222.051282,4615.384615,4021.025641,4037.948717
232,4360.000000,4537.435897,4509.230769,4278.974358,4447.179487,4241.538461,4457.948717,4209.743589,4227.692307,4504.615384,4229.743589,4619.487179,4022.051282,4042.564102
233,4363.589743,4536.923076,4516.410256,4277.948717,4445.641025,4235.897435,4457.948717,4206.666666,4227.692307,4509.230769,4234.871794,4629.743589,4022.051282,4049.230769
234,4363.076923,4534.871794,4514.358974,4274.871794,4447.692307,4231.282051,4455.384615,4199.487179,4224.102564,4517.948717,4237.435897,4631.282051,4023.589743,4050.256410
235,4366.153846,4535.384615,4515.384615,4282.051282,4444.615384,4234.871794,4450.256410,4199.487179,4228.717948,4514.358974,4238.461538,4627.179487,4024.615384,4046.153846
236,4370.256410,4538.974358,4520.512820,4284.102564,4445.641025,4238.974358,4452.307692,4206.153846,4234.358974,4513.333333,4231.794871,4628.205128,4030.256410,4050.769230
237,4369.743589,4542.564102,4521.538461,4275.897435,4451.794871,4238.461538,4455.897435,4207.692307,4233.846153,4521.025641,4228.717948,4632.820512,4034.358974,4057.948717
238,4371.282051,4542.051282,4519.487179,4276.923076,4449.230769,4234.871794,4456.410256,4206.666666,4234.358974,4528.205128,4237.435897,4633.333333,4026.666666,4055.897435
239,4373.846153,4536.410256,4517.435897,4284.102564,4439.487179,4230.256410,4453.333333,4205.128205,4232.820512,4529.230769,4236.410256,4628.205128,4018.974358,4049.230769
240,4370.256410,4527.692307,4512.820512,4276.923076,4438.461538,4230.256410,4452.820512,4205.128205,4227.692307,4525.641025,4229.743589,4624.615384,4023.076923,4045.641025
241,4370.769230,4529.743589,4508.205128,4265.641025,4444.102564,4232.307692,4460.000000,4206.666666,4229.743589,4522.564102,4231.282051,4626.666666,4029.230769,4046.153846
242,4376.923076,4540.000000,4513.333333,4269.743589,4445.641025,4232.307692,4463.076923,4206.153846,4228.205128,4518.461538,4232.820512,4628.205128,4026.153846,4049.743589
243,4378.974358,4536.923076,4521.025641,4277.435897,4445.641025,4233.333333,4459.487179,4201.538461,4223.589743,4516.410256,4231.794871,4628.205128,4024.102564,4050.769230
244,4376.923076,4521.025641,4516.410256,4275.384615,4442.051282,4229.230769,4454.871794,4200.000000,4224.615384,4517.948717,4231.794871,4624.102564,4026.153846,4048.205128
245,4374.871794,4518.974358,4506.666666,4269.230769,4436.410256,4223.589743,4452.820512,4203.076923,4225.128205,4518.974358,4231.282051,4620.000000,4022.564102,4044.615384
246,4373.846153,4533.333333,4509.743589,4268.205128,4440.000000,4226.153846,4454.358974,4204.615384,4224.102564,4514.358974,4231.282051,4619.487179,4017.435897,4040.512820
247,4376.923076,4542.051282,4516.410256,4273.333333,4446.153846,4233.333333,4456.410256,4201.538461,4227.692307,4513.846153,4230.256410,4623.076923,4016.923076,4044.615384
248,4383.589743,4540.000000,4519.487179,4281.538461,4447.692307,4235.897435,4455.897435,4203.589743,4233.333333,4525.128205,4226.666666,4626.666666,4022.564102,4053.846153
249,4388.717948,4536.410256,4519.487179,4289.743589,4451.794871,4237.435897,4459.487179,4209.230769,4238.974358,4536.923076,4231.282051,4628.205128,4030.256410,4053.333333
250,4387.692307,4536.923076,4516.923076,4288.205128,4451.794871,4237.435897,4460.000000,4207.692307,4237.948717,4530.769230,4235.897435,4622.051282,4023.589743,4045.128205
251,4380.512820,4537.948717,4512.307692,4277.948717,4443.076923,4233.333333,4455.897435,4200.000000,4229.743589,4514.871794,4228.717948,4613.333333,4007.179487,4042.051282
252,4384.102564,4539.487179,4510.769230,4273.846153,4440.000000,4232.307692,4457.435897,4200.000000,4227.692307,4512.820512,4225.641025,4616.923076,4012.307692,4046.153846
253,4390.769230,4538.461538,4512.307692,4279.487179,4444.102564,4233.846153,4460.000000,4203.076923,4230.256410,4516.923076,4231.794871,4622.051282,4023.589743,4050.256410
254,4388.717948,4536.923076,4518.461538,4282.564102,4446.153846,4237.435897,4457.948717,4201.538461,4226.666666,4515.384615,4232.307692,4622.564102,4020.000000,4051.282051
255,4393.333333,4546.153846,4524.615384,4285.128205,4451.282051,4243.076923,4461.538461,4202.051282,4230.769230,4518.461538,4230.769230,4629.230769,4027.692307,4057.948717
256,4402.051282,4560.000000,4525.641025,4285.128205,4457.948717,4248.717948,4467.692307,4206.666666,4236.923076,4528.205128,4235.897435,4632.307692,4037.948717,4064.102564
257,4398.461538,4555.384615,4525.128205,4280.000000,4454.358974,4247.179487,4464.102564,4207.179487,4232.820512,4531.794871,4234.358974,4625.641025,4025.641025,4055.384615
258,4388.717948,4535.897435,4521.538461,4278.974358,4447.179487,4238.461538,4458.461538,4205.641025,4231.794871,4525.641025,4228.205128,4620.512820,4017.948717,4044.102564
259,4383.589743,4531.282051,4519.487179,4282.051282,4445.128205,4238.974358,4461.538461,4209.230769,4233.846153,4516.923076,4226.153846,4618.974358,4024.102564,4046.666666
