,AF3,F7,F3,FC5,T7,P7,O1,O2,P8,T8,FC6,F4,F8,AF4
0,4409.230769,4476.410256,4531.794871,4251.282051,4537.435897,4187.179487,4451.794871,4207.692307,4213.846153,4489.230769,4189.230769,4647.179487,4024.615384,4079.487179
1,4409.230769,4473.846153,4533.846153,4246.666666,4538.461538,4188.717948,4449.743589,4206.153846,4221.025641,4500.000000,4194.871794,4647.179487,4036.410256,4094.358974
2,4409.230769,4468.717948,4531.794871,4247.692307,4535.897435,4187.179487,4449.230769,4208.717948,4218.461538,4501.538461,4208.717948,4648.717948,4031.794871,4100.000000
3,4411.794871,4473.846153,4534.358974,4251.282051,4532.820512,4186.153846,4451.794871,4210.769230,4223.076923,4503.076923,4220.512820,4650.256410,4021.538461,4093.333333
4,4412.307692,4476.410256,4538.461538,4247.692307,4530.769230,4185.128205,4450.256410,4212.820512,4231.282051,4504.102564,4218.461538,4647.179487,4023.076923,4091.794871
5,4413.333333,4472.307692,4535.384615,4250.256410,4536.410256,4186.153846,4451.282051,4216.923076,4226.153846,4497.948717,4208.717948,4650.256410,4033.846153,4094.871794
6,4414.358974,4474.358974,4536.410256,4264.102564,4539.487179,4194.358974,4460.512820,4218.461538,4223.589743,4496.923076,4198.974358,4654.358974,4041.025641,4095.384615
7,4410.256410,4473.333333,4542.564102,4279.487179,4538.461538,4198.974358,4463.589743,4216.923076,4228.205128,4503.589743,4195.384615,4649.743589,4034.358974,4095.897435
8,4405.641025,4463.589743,4536.923076,4293.333333,4538.461538,4192.307692,4455.897435,4215.384615,4222.051282,4498.974358,4200.512820,4649.743589,4019.487179,4092.307692
9,4407.692307,4464.615384,4528.205128,4295.897435,4534.358974,4184.102564,4447.692307,4214.358974,4218.461538,4485.128205,4206.153846,4651.794871,4017.948717,4087.692307
10,4414.358974,4476.923076,4536.923076,4293.846153,4533.333333,4186.153846,4451.282051,4214.358974,4230.769230,4491.794871,4214.358974,4656.410256,4038.461538,4090.769230
11,4419.487179,4477.948717,4550.256410,4304.102564,4539.487179,4195.897435,4463.589743,4219.487179,4233.846153,4506.153846,4222.564102,4665.128205,4047.692307,4098.461538
12,4418.974358,4474.358974,4546.666666,4317.948717,4540.000000,4202.051282,4464.615384,4225.128205,4230.256410,4510.256410,4218.461538,4664.615384,4031.794871,4098.974358
13,4409.230769,4475.384615,4537.435897,4321.025641,4538.461538,4198.461538,4457.948717,4223.589743,4233.846153,4509.743589,4209.230769,4654.871794,4020.512820,4092.307692
14,4399.487179,4472.820512,4530.769230,4313.846153,4537.435897,4193.846153,4455.897435,4213.333333,4222.564102,4496.410256,4194.871794,4646.666666,4018.461538,4082.051282
15,4403.076923,4470.256410,4528.205128,4303.589743,4536.923076,4195.897435,4454.871794,4207.692307,4209.743589,4482.564102,4185.128205,4646.666666,4016.410256,4077.435897
16,4414.358974,4473.333333,4532.307692,4294.871794,4542.564102,4199.487179,4457.435897,4222.051282,4227.692307,4496.410256,4201.538461,4656.410256,4024.102564,4088.205128
17,4413.846153,4474.358974,4534.358974,4293.333333,4549.743589,4200.512820,4461.025641,4232.307692,4240.000000,4517.948717,4222.051282,4663.589743,4027.692307,4091.282051
18,4403.589743,4473.846153,4533.333333,4295.897435,4551.794871,4201.538461,4460.000000,4222.564102,4224.615384,4514.358974,4211.282051,4655.897435,4017.435897,4078.461538
19,4406.666666,4477.435897,4535.897435,4298.461538,4554.871794,4202.051282,4460.512820,4219.487179,4226.666666,4505.128205,4201.538461,4653.333333,4022.564102,4078.461538
20,4414.871794,4472.820512,4535.897435,4295.897435,4552.307692,4200.512820,4460.000000,4224.102564,4238.461538,4500.512820,4209.743589,4657.948717,4041.538461,4091.794871
21,4411.282051,4463.076923,4530.256410,4292.307692,4544.102564,4198.974358,4457.948717,4219.487179,4230.256410,4501.025641,4209.743589,4655.384615,4042.051282,4094.358974
22,4408.205128,4467.692307,4530.769230,4293.333333,4547.692307,4199.487179,4459.487179,4217.948717,4229.230769,4513.333333,4211.282051,4655.384615,4028.205128,4088.717948
23,4410.256410,4475.384615,4533.846153,4290.769230,4553.333333,4198.461538,4459.487179,4222.564102,4236.410256,4518.461538,4216.410256,4659.487179,4020.512820,4083.076923
24,4408.205128,4473.333333,4533.333333,4291.282051,4552.820512,4197.948717,4457.435897,4222.564102,4234.871794,4506.153846,4212.307692,4656.923076,4024.615384,4078.461538
25,4410.256410,4467.692307,4538.461538,4293.333333,4549.230769,4198.974358,4460.000000,4226.153846,4237.948717,4503.076923,4204.615384,4655.897435,4033.333333,4083.076923
26,4415.897435,4463.076923,4541.538461,4280.512820,4547.179487,4199.487179,4464.102564,4231.282051,4240.512820,4510.256410,4201.538461,4661.538461,4030.769230,4089.230769
27,4408.205128,4463.589743,4533.333333,4274.358974,4545.128205,4198.461538,4462.051282,4229.230769,4233.333333,4506.153846,4207.692307,4658.461538,4017.948717,4081.538461
28,4401.025641,4471.282051,4528.717948,4289.230769,4544.615384,4194.871794,4457.435897,4223.076923,4231.794871,4505.128205,4206.153846,4650.256410,4016.410256,4075.897435
29,4407.692307,4471.282051,4531.282051,4299.487179,4548.717948,4194.871794,4457.948717,4218.974358,4234.358974,4506.666666,4191.794871,4650.256410,4024.102564,4079.487179
30,4412.307692,4459.487179,4532.307692,4294.358974,4553.333333,4197.948717,4460.512820,4217.435897,4230.256410,4501.538461,4196.410256,4654.358974,4023.589743,4083.589743
31,4411.794871,4460.512820,4532.820512,4284.102564,4552.820512,4200.512820,4461.538461,4224.102564,4229.743589,4502.051282,4222.051282,4657.435897,4018.974358,4083.589743
32,4410.769230,4474.871794,4532.307692,4281.025641,4552.307692,4201.538461,4461.025641,4230.769230,4235.384615,4509.743589,4223.076923,4655.384615,4021.538461,4079.487179
33,4407.179487,4475.897435,4528.717948,4285.641025,4550.256410,4196.923076,4460.512820,4229.230769,4240.512820,4513.333333,4202.564102,4652.307692,4023.589743,4081.025641
34,4405.641025,4465.128205,4528.717948,4286.666666,4546.666666,4194.358974,4459.487179,4227.179487,4237.435897,4510.769230,4202.051282,4650.769230,4021.025641,4086.666666
35,4408.205128,4460.000000,4532.820512,4283.589743,4547.692307,4195.897435,4461.025641,4226.666666,4229.743589,4502.564102,4207.692307,4652.307692,4018.461538,4080.512820
36,4403.076923,4462.564102,4531.794871,4287.692307,4549.743589,4194.358974,4464.615384,4223.076923,4228.205128,4494.358974,4204.615384,4651.794871,4013.846153,4069.743589
37,4402.564102,4467.179487,4530.256410,4292.820512,4546.153846,4193.333333,4463.589743,4221.025641,4233.846153,4503.076923,4209.230769,4649.230769,4011.282051,4076.410256
38,4406.666666,4469.230769,4527.692307,4287.692307,4546.153846,4195.384615,4463.076923,4222.564102,4232.820512,4509.743589,4208.717948,4648.717948,4018.461538,4084.615384
39,4395.384615,4463.589743,4518.461538,4278.974358,4542.051282,4189.230769,4456.410256,4217.948717,4225.641025,4497.435897,4185.641025,4643.076923,4015.384615,4073.333333
40,4387.692307,4456.410256,4515.384615,4271.794871,4533.333333,4180.512820,4448.717948,4211.794871,4222.564102,4485.641025,4172.820512,4636.410256,3993.846154,4061.538461
41,4396.410256,4454.358974,4526.666666,4274.358974,4534.358974,4184.615384,4454.871794,4215.897435,4226.153846,4489.743589,4193.333333,4641.538461,3991.794872,4063.589743
42,4400.512820,4464.102564,4531.794871,4285.641025,4537.435897,4188.717948,4462.051282,4223.076923,4231.282051,4503.589743,4206.666666,4651.282051,4015.384615,4073.333333
43,4397.948717,4472.307692,4528.205128,4290.256410,4535.897435,4185.128205,4460.512820,4228.205128,4234.358974,4506.153846,4209.743589,4652.820512,4029.743589,4082.051282
44,4400.000000,4468.205128,4527.692307,4284.615384,4540.000000,4185.128205,4456.923076,4231.282051,4235.384615,4501.025641,4220.512820,4653.846153,4026.666666,4082.564102
45,4398.974358,4461.025641,4528.717948,4277.435897,4539.487179,4184.615384,4451.794871,4226.666666,4228.717948,4500.512820,4211.282051,4654.358974,4010.256410,4073.846153
46,4392.307692,4460.000000,4529.743589,4281.538461,4530.256410,4177.948717,4444.615384,4221.025641,4228.205128,4501.538461,4191.794871,4648.717948,3995.384616,4068.205128
47,4391.794871,4467.179487,4533.846153,4283.589743,4530.256410,4176.410256,4450.256410,4217.948717,4235.384615,4504.102564,4197.435897,4646.153846,4003.076923,4072.820512
48,4391.794871,4468.717948,4529.743589,4278.974358,4534.358974,4183.076923,4457.948717,4214.871794,4223.076923,4497.948717,4205.641025,4647.179487,4011.282051,4073.846153
49,4394.358974,4466.153846,4523.076923,4282.564102,4530.256410,4184.615384,4458.461538,4218.461538,4214.871794,4490.769230,4203.076923,4646.666666,4007.179487,4071.282051
50,4403.589743,4471.282051,4530.256410,4288.717948,4531.794871,4184.102564,4457.948717,4226.153846,4227.692307,4498.461538,4211.282051,4654.871794,4010.769230,4077.948717
51,4405.641025,4482.051282,4538.461538,4290.769230,4541.025641,4187.692307,4457.948717,4222.564102,4227.179487,4503.589743,4209.230769,4660.512820,4013.846153,4083.076923
52,4397.948717,4479.487179,4534.358974,4294.871794,4540.512820,4188.717948,4458.974358,4217.435897,4215.897435,4496.410256,4191.794871,4652.307692,4007.692307,4074.358974
53,4390.256410,4470.769230,4527.179487,4292.820512,4534.871794,4185.128205,4458.974358,4219.487179,4226.666666,4495.384615,4187.179487,4644.615384,4002.564102,4062.564102
54,4391.282051,4474.871794,4526.153846,4281.025641,4536.410256,4185.128205,4455.897435,4220.000000,4238.461538,4500.512820,4195.384615,4649.743589,3997.435898,4062.564102
55,4401.538461,4483.589743,4530.769230,4276.923076,4537.435897,4187.179487,4455.897435,4222.564102,4231.282051,4498.461538,4207.179487,4654.871794,4000.000000,4070.256410
56,4407.692307,4487.179487,4534.871794,4281.538461,4537.948717,4187.179487,4457.435897,4227.692307,4228.205128,4505.641025,4215.897435,4651.282051,4008.717948,4078.461538
57,4400.000000,4478.974358,4530.769230,4282.051282,4541.025641,4188.205128,4457.948717,4229.230769,4231.794871,4512.307692,4210.769230,4647.179487,4007.179487,4078.974358
58,4387.692307,4469.230769,4524.615384,4280.512820,4541.025641,4185.641025,4459.487179,4226.153846,4229.743589,4499.487179,4195.384615,4645.128205,4004.615384,4063.589743
59,4390.256410,4473.333333,4525.641025,4278.974358,4538.974358,4184.102564,4455.384615,4223.076923,4228.717948,4491.282051,4190.769230,4643.589743,4011.794871,4055.897435
60,4398.974358,4481.025641,4529.743589,4276.410256,4540.512820,4191.282051,4450.769230,4221.538461,4231.282051,4500.512820,4194.871794,4645.641025,4012.307692,4072.307692
61,4398.461538,4477.948717,4528.205128,4260.000000,4539.487179,4189.743589,4453.846153,4221.025641,4229.230769,4509.230769,4197.435897,4645.641025,3999.487180,4078.974358
62,4395.897435,4477.948717,4527.692307,4247.179487,4538.461538,4185.641025,4458.461538,4224.102564,4227.692307,4506.153846,4209.230769,4647.179487,3994.871795,4069.743589
63,4404.615384,4488.205128,4542.051282,4256.410256,4546.666666,4193.333333,4461.538461,4231.282051,4234.871794,4508.717948,4231.794871,4659.487179,4013.333333,4078.461538
64,4413.846153,4496.410256,4550.769230,4260.000000,4548.717948,4196.410256,4463.589743,4237.948717,4236.410256,4513.846153,4230.769230,4668.717948,4028.717948,4089.743589
65,4408.717948,4491.282051,4537.435897,4243.589743,4538.461538,4186.666666,4457.435897,4228.717948,4228.205128,4506.153846,4202.564102,4658.461538,4013.846153,4081.025641
66,4397.948717,4487.179487,4525.128205,4233.333333,4535.384615,4182.051282,4450.256410,4217.948717,4227.179487,4504.615384,4194.871794,4647.179487,3998.461539,4069.743589
67,4391.282051,4493.846153,4527.179487,4229.230769,4537.948717,4182.051282,4447.692307,4217.948717,4226.666666,4502.564102,4196.410256,4646.153846,3996.923077,4064.102564
68,4389.230769,4486.666666,4527.179487,4217.435897,4534.871794,4180.000000,4444.102564,4214.871794,4214.871794,4490.256410,4182.564102,4644.615384,3989.230770,4059.487179
69,4394.871794,4474.358974,4527.692307,4214.871794,4536.923076,4183.076923,4450.769230,4218.461538,4213.846153,4494.358974,4191.794871,4647.179487,3992.307693,4064.102564
70,4405.128205,4490.769230,4535.384615,4218.461538,4543.589743,4190.256410,4463.076923,4233.333333,4232.307692,4516.923076,4222.051282,4658.974358,4014.871794,4075.384615
71,4406.666666,4510.256410,4536.410256,4207.692307,4538.974358,4188.205128,4462.051282,4233.846153,4233.846153,4514.871794,4224.615384,4660.512820,4017.435897,4074.871794
72,4394.358974,4498.974358,4527.692307,4196.923076,4528.717948,4180.512820,4454.871794,4221.025641,4220.512820,4493.846153,4201.538461,4648.205128,3995.897436,4063.076923
73,4388.717948,4481.538461,4526.666666,4202.051282,4526.666666,4178.974358,4454.871794,4225.641025,4229.230769,4497.435897,4194.871794,4646.666666,3989.743590,4064.102564
74,4396.410256,4473.333333,4525.128205,4202.051282,4527.692307,4175.897435,4450.769230,4229.230769,4237.435897,4505.641025,4202.051282,4651.794871,3998.461539,4073.333333
75,4397.948717,4478.974358,4519.487179,4191.282051,4524.615384,4172.307692,4441.538461,4211.794871,4217.948717,4497.948717,4201.025641,4647.179487,4001.025641,4065.128205
76,4398.461538,4500.512820,4525.128205,4195.384615,4523.076923,4177.435897,4444.615384,4215.897435,4213.333333,4501.025641,4202.051282,4647.692307,4005.641025,4064.102564
77,4403.589743,4508.205128,4532.820512,4205.641025,4524.615384,4181.025641,4452.307692,4235.384615,4237.948717,4512.820512,4208.205128,4655.897435,4010.769230,4080.000000
78,4393.333333,4488.205128,4524.615384,4203.076923,4521.538461,4173.333333,4448.205128,4224.615384,4240.512820,4507.692307,4204.615384,4650.769230,3992.820513,4074.871794
79,4385.641025,4470.256410,4519.487179,4203.076923,4518.974358,4169.743589,4444.102564,4209.743589,4223.076923,4503.589743,4200.000000,4641.538461,3981.025642,4061.025641
80,4395.897435,4481.538461,4528.717948,4214.871794,4525.641025,4181.538461,4450.256410,4222.564102,4226.153846,4512.820512,4208.205128,4649.230769,4003.076923,4067.179487
81,4400.000000,4498.974358,4534.358974,4216.923076,4525.128205,4182.564102,4450.769230,4227.179487,4234.358974,4510.256410,4205.128205,4654.358974,4015.384615,4067.179487
82,4394.358974,4496.410256,4528.717948,4212.307692,4513.333333,4170.256410,4441.538461,4214.871794,4227.692307,4503.076923,4194.358974,4646.666666,4001.025641,4061.538461
83,4396.410256,4488.717948,4524.615384,4221.025641,4512.820512,4171.282051,4441.538461,4214.358974,4216.923076,4505.128205,4205.128205,4643.589743,3991.282052,4070.256410
84,4399.487179,4490.769230,4525.128205,4229.743589,4523.076923,4182.051282,4448.717948,4220.000000,4215.384615,4507.179487,4218.461538,4646.666666,3994.871795,4074.358974
85,4396.923076,4488.205128,4527.692307,4232.820512,4525.641025,4182.564102,4449.230769,4219.487179,4225.128205,4511.794871,4208.717948,4649.230769,4004.102564,4063.076923
86,4397.948717,4485.641025,4526.666666,4240.000000,4522.564102,4176.923076,4444.615384,4217.948717,4232.820512,4509.230769,4196.410256,4647.692307,4005.128205,4054.358974
87,4396.923076,4494.358974,4520.512820,4248.205128,4522.564102,4174.358974,4444.102564,4214.871794,4229.230769,4496.410256,4198.461538,4643.076923,3991.282052,4057.948717
88,4391.282051,4496.410256,4514.871794,4250.769230,4520.512820,4169.230769,4443.589743,4208.717948,4216.923076,4494.871794,4200.000000,4637.948717,3983.589744,4068.205128
89,4392.307692,4491.282051,4519.487179,4250.256410,4516.410256,4173.333333,4442.051282,4206.153846,4210.769230,4501.025641,4195.897435,4639.487179,3986.666667,4071.282051
90,4404.102564,4493.846153,4527.692307,4248.717948,4520.512820,4184.102564,4448.717948,4212.307692,4220.000000,4495.897435,4197.948717,4644.102564,3991.794872,4069.230769
91,4412.307692,4501.538461,4529.230769,4249.743589,4529.743589,4185.641025,4458.461538,4220.512820,4233.333333,4496.410256,4207.692307,4648.717948,4007.179487,4073.846153
92,4408.717948,4508.717948,4531.282051,4248.717948,4530.769230,4186.666666,4460.512820,4223.076923,4240.000000,4515.897435,4218.461538,4654.358974,4019.487179,4077.435897
93,4407.179487,4512.307692,4535.897435,4234.871794,4525.128205,4188.205128,4456.923076,4225.128205,4236.923076,4528.205128,4219.487179,4654.871794,4011.794871,4078.461538
94,4412.307692,4505.641025,4534.358974,4231.794871,4522.564102,4185.641025,4456.410256,4227.692307,4233.333333,4522.564102,4217.948717,4654.358974,4007.692307,4084.102564
95,4411.282051,4492.820512,4529.230769,4244.615384,4524.102564,4183.076923,4456.410256,4225.641025,4231.282051,4513.846153,4215.897435,4653.846153,4020.512820,4085.128205
96,4400.000000,4487.692307,4526.153846,4243.076923,4523.076923,4182.051282,4455.384615,4220.512820,4229.743589,4507.179487,4204.102564,4649.743589,4020.512820,4075.897435
97,4392.307692,4492.307692,4527.692307,4229.230769,4520.000000,4181.025641,4452.820512,4218.974358,4232.307692,4504.102564,4195.897435,4648.717948,4004.102564,4070.256410
98,4394.358974,4493.333333,4530.769230,4232.307692,4520.512820,4182.564102,4455.897435,4221.538461,4236.923076,4511.282051,4208.205128,4651.794871,4005.128205,4078.974358
99,4396.923076,4490.769230,4535.384615,4247.692307,4521.538461,4185.128205,4461.025641,4218.974358,4230.769230,4516.410256,4215.384615,4651.794871,4021.025641,4088.205128
100,4396.923076,4487.692307,4532.820512,4246.153846,4522.051282,4181.025641,4453.333333,4210.769230,4217.435897,4508.717948,4207.692307,4646.666666,4019.487179,4083.076923
101,4397.948717,4482.564102,4529.743589,4235.384615,4521.025641,4178.461538,4448.205128,4209.743589,4221.538461,4502.051282,4198.974358,4647.692307,4003.076923,4074.358974
102,4395.897435,4487.179487,4530.769230,4227.179487,4519.487179,4177.435897,4454.358974,4217.948717,4228.717948,4497.948717,4189.230769,4649.230769,4005.641025,4074.358974
103,4391.794871,4494.871794,4530.769230,4227.692307,4518.461538,4177.948717,4459.487179,4218.461538,4228.717948,4492.820512,4187.692307,4645.641025,4024.102564,4074.871794
104,4392.307692,4488.205128,4531.282051,4229.230769,4521.538461,4182.564102,4458.974358,4215.897435,4240.512820,4502.564102,4201.538461,4647.692307,4019.487179,4072.307692
105,4391.794871,4473.333333,4531.282051,4225.128205,4517.948717,4180.512820,4453.846153,4218.461538,4241.538461,4510.769230,4203.589743,4649.230769,4002.051282,4073.846153
106,4389.743589,4471.794871,4528.717948,4219.487179,4514.358974,4176.410256,4447.692307,4217.435897,4220.512820,4495.897435,4186.666666,4640.512820,4008.717948,4076.410256
107,4384.615384,4480.000000,4523.589743,4208.717948,4515.897435,4177.435897,4445.128205,4211.282051,4210.256410,4483.076923,4180.512820,4630.256410,4021.538461,4071.794871
108,4378.461538,4473.846153,4517.435897,4199.487179,4512.820512,4176.923076,4446.666666,4206.666666,4216.923076,4490.769230,4188.717948,4630.256410,4010.256410,4060.000000
109,4377.435897,4462.564102,4514.358974,4204.102564,4505.128205,4168.205128,4443.076923,4206.666666,4219.487179,4498.461538,4186.666666,4633.846153,3997.435898,4051.282051
110,4383.076923,4466.153846,4518.974358,4220.000000,4504.615384,4165.641025,4443.589743,4211.282051,4222.564102,4495.897435,4187.179487,4638.461538,4000.000000,4056.923076
111,4392.307692,4480.000000,4528.717948,4234.871794,4513.333333,4176.410256,4455.384615,4222.564102,4235.897435,4496.923076,4201.025641,4649.230769,4009.230769,4077.948717
112,4398.974358,4490.769230,4533.846153,4245.128205,4521.025641,4186.153846,4464.102564,4233.333333,4245.128205,4509.743589,4206.153846,4659.487179,4024.102564,4087.179487
113,4399.487179,4491.794871,4532.307692,4251.794871,4523.076923,4187.692307,4459.487179,4236.410256,4241.025641,4513.846153,4198.461538,4660.512820,4028.205128,4072.820512
114,4395.384615,4481.025641,4528.717948,4253.846153,4519.487179,4182.564102,4452.820512,4230.769230,4230.769230,4502.051282,4200.512820,4654.871794,4013.846153,4064.615384
115,4396.410256,4472.820512,4531.282051,4252.307692,4516.923076,4182.051282,4456.923076,4223.589743,4230.256410,4500.000000,4207.692307,4652.307692,4013.333333,4077.948717
116,4399.487179,4483.076923,4535.897435,4251.794871,4517.948717,4184.615384,4456.923076,4222.051282,4234.358974,4510.256410,4199.487179,4655.384615,4031.282051,4085.641025
117,4394.358974,4488.205128,4531.282051,4257.435897,4510.769230,4175.897435,4444.102564,4217.435897,4228.717948,4505.641025,4192.307692,4655.897435,4029.743589,4073.333333
118,4396.923076,4482.051282,4529.743589,4267.179487,4506.666666,4172.820512,4441.538461,4214.358974,4228.717948,4506.666666,4209.230769,4657.435897,4012.307692,4070.256410
119,4409.230769,4485.641025,4541.025641,4273.333333,4516.410256,4183.076923,4455.384615,4221.025641,4232.820512,4517.948717,4222.564102,4662.051282,4014.871794,4084.102564
120,4414.358974,4491.794871,4540.000000,4272.307692,4520.000000,4181.538461,4458.461538,4225.128205,4225.128205,4507.179487,4210.769230,4663.589743,4030.256410,4090.256410
121,4405.128205,4492.820512,4534.358974,4271.794871,4516.923076,4176.410256,4447.179487,4216.923076,4217.948717,4494.358974,4197.948717,4658.974358,4031.282051,4080.000000
122,4395.384615,4492.307692,4537.948717,4266.153846,4516.410256,4180.000000,4441.025641,4211.282051,4217.948717,4499.487179,4200.512820,4657.435897,4014.358974,4071.282051
123,4394.871794,4491.794871,4538.974358,4256.923076,4512.307692,4177.948717,4442.564102,4215.384615,4219.487179,4501.538461,4203.589743,4658.974358,4003.076923,4074.871794
124,4401.025641,4488.205128,4538.461538,4246.153846,4510.256410,4174.871794,4445.128205,4216.923076,4227.179487,4500.512820,4202.564102,4657.948717,4013.333333,4075.897435
125,4399.487179,4488.717948,4538.461538,4236.923076,4513.846153,4178.461538,4442.051282,4215.897435,4231.794871,4503.076923,4197.948717,4655.384615,4024.615384,4073.333333
126,4390.256410,4493.846153,4536.923076,4232.820512,4516.923076,4180.000000,4443.076923,4219.487179,4227.692307,4502.564102,4198.461538,4654.871794,4014.871794,4072.307692
127,4388.717948,4493.846153,4536.923076,4226.666666,4518.974358,4181.538461,4453.846153,4222.564102,4221.538461,4499.487179,4207.179487,4654.358974,4001.025641,4073.333333
128,4396.923076,4490.256410,4538.461538,4222.051282,4516.410256,4183.589743,4459.487179,4220.512820,4223.076923,4500.512820,4202.051282,4653.333333,4005.128205,4077.948717
129,4402.051282,4491.282051,4535.897435,4216.923076,4512.307692,4180.512820,4452.820512,4217.948717,4232.307692,4500.512820,4190.769230,4652.307692,4010.256410,4077.435897
130,4397.948717,4496.410256,4538.461538,4214.358974,4515.897435,4176.923076,4453.333333,4215.897435,4231.794871,4503.589743,4196.923076,4652.820512,4008.717948,4065.128205
131,4391.282051,4495.384615,4546.153846,4223.589743,4516.923076,4178.974358,4458.461538,4216.410256,4215.897435,4507.692307,4202.564102,4653.846153,4013.846153,4063.589743
132,4391.794871,4488.717948,4544.615384,4227.179487,4507.179487,4177.435897,4454.358974,4223.076923,4212.307692,4501.538461,4201.538461,4653.333333,4013.846153,4076.410256
133,4395.897435,4487.692307,4538.461538,4220.512820,4504.615384,4173.846153,4454.358974,4226.666666,4232.307692,4497.435897,4207.692307,4652.820512,4001.538461,4078.461538
134,4393.333333,4489.230769,4534.358974,4218.461538,4507.179487,4173.846153,4460.000000,4222.051282,4239.487179,4503.076923,4207.692307,4653.846153,4001.538461,4069.743589
135,4384.102564,4485.641025,4530.769230,4223.076923,4507.692307,4174.358974,4454.358974,4217.435897,4220.000000,4501.538461,4195.897435,4650.256410,4011.282051,4058.461538
136,4381.025641,4489.743589,4530.256410,4222.564102,4517.435897,4176.923076,4448.717948,4217.435897,4206.153846,4492.820512,4200.000000,4646.153846,4011.282051,4056.923076
137,4386.153846,4494.358974,4532.307692,4222.051282,4521.538461,4178.974358,4451.282051,4216.410256,4213.333333,4491.794871,4205.128205,4648.205128,4002.051282,4070.256410
138,4386.153846,4481.025641,4533.846153,4234.358974,4509.230769,4174.358974,4447.179487,4216.410256,4225.128205,4496.410256,4191.794871,4647.692307,3992.820513,4071.282051
139,4385.128205,4474.871794,4533.333333,4247.692307,4503.076923,4169.743589,4441.025641,4218.974358,4226.666666,4497.435897,4185.128205,4646.666666,3996.410257,4059.487179
140,4391.282051,4489.743589,4538.974358,4253.846153,4515.897435,4175.384615,4450.769230,4218.461538,4224.615384,4500.000000,4197.948717,4653.333333,4008.717948,4066.666666
141,4398.974358,4497.435897,4545.128205,4251.794871,4526.666666,4183.076923,4461.025641,4218.974358,4223.589743,4503.589743,4212.307692,4661.025641,4011.794871,4077.948717
142,4398.461538,4496.410256,4544.102564,4250.256410,4522.051282,4178.974358,4454.358974,4223.076923,4227.179487,4505.641025,4216.923076,4663.589743,4009.230769,4078.461538
143,4401.538461,4505.128205,4546.153846,4253.846153,4520.512820,4182.564102,4453.333333,4228.205128,4235.897435,4507.692307,4217.948717,4664.615384,4015.897435,4086.153846
144,4410.256410,4510.769230,4549.743589,4249.743589,4524.615384,4187.692307,4463.589743,4230.256410,4235.384615,4509.743589,4222.051282,4667.692307,4021.025641,4091.282051
145,4407.179487,4505.641025,4551.282051,4248.717948,4525.128205,4185.128205,4465.128205,4232.307692,4232.820512,4512.820512,4229.230769,4672.307692,4017.435897,4081.538461
146,4399.487179,4498.461538,4551.282051,4250.256410,4524.615384,4185.641025,4460.512820,4230.256410,4234.871794,4512.307692,4230.769230,4673.846153,4017.435897,4076.410256
147,4398.461538,4496.410256,4544.615384,4240.000000,4522.051282,4185.128205,4460.512820,4224.615384,4232.307692,4512.820512,4222.564102,4668.205128,4020.000000,4078.461538
148,4400.000000,4496.923076,4538.974358,4227.692307,4518.461538,4181.538461,4459.487179,4223.589743,4235.384615,4518.461538,4214.871794,4663.589743,4012.820512,4076.410256
149,4398.461538,4500.512820,4545.128205,4231.794871,4521.025641,4183.076923,4460.512820,4231.282051,4242.051282,4515.897435,4221.025641,4668.205128,4010.769230,4080.000000
150,4394.358974,4502.564102,4548.717948,4236.923076,4521.025641,4185.128205,4458.974358,4233.333333,4238.461538,4507.179487,4231.282051,4670.256410,4016.410256,4082.564102
151,4384.615384,4493.846153,4537.435897,4222.051282,4512.307692,4173.846153,4446.666666,4212.820512,4222.051282,4496.410256,4215.384615,4657.948717,4003.589743,4069.743589
152,4381.025641,4483.589743,4532.307692,4218.974358,4510.769230,4166.153846,4438.974358,4196.410256,4206.666666,4492.307692,4195.384615,4647.692307,3992.307693,4062.051282
153,4394.358974,4486.153846,4541.025641,4235.384615,4516.410256,4175.384615,4448.717948,4208.205128,4207.179487,4501.538461,4211.282051,4658.974358,4000.512820,4073.846153
154,4399.487179,4499.487179,4547.179487,4236.410256,4519.487179,4183.076923,4457.948717,4223.076923,4224.102564,4509.743589,4221.025641,4668.205128,4008.717948,4080.000000
155,4387.179487,4502.564102,4545.128205,4236.410256,4516.410256,4181.538461,4454.358974,4217.948717,4234.871794,4505.128205,4201.025641,4656.923076,4013.333333,4074.871794
156,4382.564102,4492.820512,4536.410256,4246.666666,4514.358974,4180.000000,4449.230769,4215.384615,4224.615384,4503.589743,4205.641025,4649.743589,4008.205128,4073.333333
157,4385.641025,4486.153846,4532.820512,4241.025641,4521.025641,4181.538461,4447.692307,4217.948717,4218.974358,4505.641025,4222.051282,4655.384615,3991.282052,4067.179487
158,4391.794871,4496.923076,4537.435897,4232.820512,4520.512820,4180.000000,4448.717948,4216.410256,4227.179487,4507.179487,4214.871794,4660.512820,3996.410257,4064.615384
159,4397.948717,4507.179487,4541.538461,4241.025641,4515.897435,4180.000000,4447.692307,4216.410256,4225.641025,4507.692307,4216.923076,4662.051282,4015.897435,4078.974358
160,4390.256410,4495.897435,4541.025641,4237.948717,4515.384615,4180.512820,4446.666666,4214.358974,4217.948717,4504.102564,4222.051282,4662.564102,4016.410256,4082.564102
161,4382.051282,4485.128205,4536.410256,4229.230769,4513.846153,4176.923076,4447.179487,4211.282051,4221.025641,4502.051282,4202.564102,4659.487179,4010.769230,4072.820512
162,4391.282051,4493.333333,4534.358974,4231.282051,4510.769230,4171.282051,4447.179487,4212.307692,4222.564102,4506.666666,4205.128205,4660.000000,4009.230769,4071.282051
163,4401.025641,4500.512820,4538.974358,4230.256410,4514.358974,4170.256410,4446.666666,4215.384615,4221.025641,4510.256410,4230.256410,4665.641025,4009.230769,4075.897435
164,4393.333333,4495.384615,4537.435897,4228.205128,4512.820512,4171.282051,4443.076923,4215.384615,4222.051282,4498.974358,4218.461538,4661.538461,4009.743589,4074.358974
165,4381.025641,4494.358974,4529.743589,4228.717948,4504.102564,4167.692307,4441.538461,4212.307692,4217.435897,4487.179487,4201.025641,4650.769230,4001.538461,4066.666666
166,4379.487179,4497.948717,4534.358974,4225.641025,4506.153846,4167.692307,4449.230769,4213.846153,4216.410256,4498.461538,4210.256410,4652.307692,3998.461539,4064.615384
167,4387.179487,4493.846153,4542.051282,4230.769230,4512.307692,4177.948717,4453.846153,4218.974358,4222.051282,4511.794871,4214.358974,4661.025641,4008.717948,4072.820512
168,4388.205128,4487.179487,4534.358974,4235.384615,4512.307692,4179.487179,4449.230769,4215.897435,4216.410256,4501.025641,4211.282051,4659.487179,4004.102564,4076.923076
169,4383.076923,4491.282051,4529.230769,4229.743589,4510.256410,4172.820512,4451.282051,4213.333333,4213.846153,4493.846153,4221.538461,4654.358974,3996.923077,4070.256410
170,4382.564102,4502.564102,4537.435897,4227.179487,4508.205128,4175.897435,4460.000000,4223.589743,4226.153846,4504.615384,4223.589743,4655.897435,4003.589743,4068.717948
171,4384.102564,4502.564102,4541.538461,4237.948717,4506.666666,4179.487179,4457.435897,4224.615384,4232.307692,4508.717948,4216.410256,4660.512820,4003.589743,4072.307692
172,4386.666666,4492.307692,4541.025641,4251.282051,4509.743589,4174.871794,4454.358974,4220.512820,4228.717948,4507.179487,4219.487179,4664.615384,4006.666666,4072.820512
173,4389.743589,4493.846153,4543.076923,4253.333333,4516.923076,4177.948717,4458.461538,4228.205128,4230.256410,4507.692307,4217.948717,4664.615384,4016.410256,4074.871794
174,4385.128205,4505.641025,4540.000000,4245.128205,4517.435897,4184.615384,4457.948717,4226.666666,4232.820512,4506.666666,4212.307692,4661.025641,4011.794871,4075.384615
175,4383.589743,4507.179487,4538.461538,4243.076923,4517.948717,4184.102564,4457.435897,4223.076923,4232.820512,4505.641025,4223.076923,4663.076923,4002.564102,4077.948717
176,4386.666666,4501.538461,4542.051282,4239.487179,4519.487179,4182.051282,4461.025641,4229.743589,4230.769230,4507.179487,4232.820512,4666.666666,4005.641025,4079.487179
177,4382.564102,4496.923076,4537.435897,4230.256410,4511.794871,4182.564102,4456.923076,4226.666666,4228.717948,4508.717948,4221.025641,4660.000000,4010.769230,4069.743589
178,4378.974358,4488.717948,4532.820512,4238.974358,4508.717948,4180.512820,4448.717948,4218.461538,4228.205128,4506.153846,4208.205128,4655.897435,4009.230769,4066.153846
179,4381.538461,4485.641025,4538.974358,4245.641025,4519.487179,4181.025641,4450.256410,4224.615384,4231.794871,4502.051282,4212.820512,4662.564102,4007.179487,4072.307692
180,4387.179487,4500.512820,4542.564102,4232.307692,4524.615384,4189.230769,4460.512820,4232.307692,4241.025641,4511.282051,4227.179487,4670.769230,4007.692307,4072.307692
181,4394.871794,4518.461538,4544.615384,4232.820512,4520.512820,4196.923076,4471.794871,4231.794871,4241.538461,4521.538461,4233.333333,4673.333333,4016.923076,4073.846153
182,4395.384615,4510.769230,4547.179487,4250.256410,4520.512820,4192.307692,4472.307692,4231.282051,4230.769230,4513.846153,4223.589743,4670.256410,4016.923076,4081.538461
183,4388.205128,4491.282051,4543.589743,4252.307692,4521.025641,4184.615384,4463.076923,4230.256410,4226.153846,4504.102564,4218.974358,4664.615384,4002.051282,4082.564102
184,4383.589743,4496.410256,4537.948717,4243.589743,4517.948717,4186.666666,4458.461538,4229.743589,4235.384615,4501.538461,4226.666666,4664.102564,3996.410257,4073.333333
185,4387.692307,4512.820512,4536.410256,4239.487179,4517.948717,4188.205128,4461.025641,4223.589743,4238.974358,4501.025641,4223.589743,4665.641025,4004.102564,4067.692307
186,4390.769230,4508.717948,4533.846153,4234.871794,4514.871794,4181.025641,4458.461538,4212.820512,4218.974358,4501.538461,4207.692307,4658.974358,4003.589743,4067.692307
187,4386.666666,4493.333333,4530.769230,4238.461538,4508.717948,4176.923076,4453.333333,4211.794871,4211.282051,4507.179487,4213.846153,4655.897435,4000.000000,4071.282051
188,4383.589743,4491.794871,4536.923076,4255.897435,4513.846153,4183.076923,4460.512820,4221.538461,4232.820512,4514.871794,4232.820512,4667.179487,4008.717948,4081.025641
189,4393.846153,4504.102564,4548.717948,4262.051282,4525.128205,4191.794871,4469.743589,4226.153846,4249.743589,4516.923076,4235.897435,4676.923076,4019.487179,4089.230769
190,4400.512820,4513.846153,4547.179487,4256.923076,4518.974358,4190.769230,4465.641025,4217.435897,4235.384615,4509.230769,4226.153846,4671.794871,4014.358974,4078.974358
191,4394.358974,4506.666666,4533.846153,4260.512820,4504.102564,4178.974358,4456.923076,4209.230769,4214.871794,4500.512820,4215.897435,4658.974358,3994.358975,4066.153846
192,4388.717948,4492.307692,4530.256410,4262.564102,4505.641025,4174.358974,4458.461538,4213.333333,4212.307692,4504.102564,4217.948717,4656.410256,3990.256411,4073.846153
193,4387.692307,4492.820512,4535.384615,4256.410256,4509.743589,4183.076923,4463.076923,4218.974358,4223.589743,4507.179487,4227.692307,4662.564102,4008.205128,4080.512820
194,4385.128205,4501.538461,4532.307692,4248.717948,4508.205128,4184.102564,4461.025641,4217.435897,4231.282051,4500.000000,4223.589743,4663.076923,4011.282051,4069.743589
195,4382.051282,4497.435897,4522.564102,4236.923076,4508.717948,4175.897435,4453.846153,4213.333333,4221.025641,4496.410256,4205.128205,4652.820512,3988.205129,4055.384615
196,4383.589743,4486.666666,4524.102564,4233.846153,4507.692307,4176.410256,4451.794871,4212.820512,4215.897435,4501.538461,4209.230769,4646.666666,3981.025642,4057.435897
197,4388.717948,4494.871794,4533.333333,4250.256410,4508.205128,4184.615384,4456.923076,4218.974358,4226.666666,4509.743589,4233.333333,4659.487179,4009.743589,4076.410256
198,4390.769230,4510.256410,4536.410256,4256.923076,4515.384615,4186.666666,4460.512820,4226.666666,4239.487179,4515.384615,4239.487179,4669.743589,4027.179487,4081.538461
199,4392.820512,4508.717948,4535.384615,4246.666666,4522.051282,4187.179487,4464.615384,4232.820512,4242.564102,4511.794871,4225.641025,4663.589743,4012.307692,4072.307692
200,4397.435897,4497.948717,4535.384615,4246.153846,4522.564102,4189.230769,4471.794871,4233.846153,4238.974358,4506.666666,4222.051282,4662.564102,4000.512820,4073.333333
201,4394.871794,4492.820512,4531.282051,4248.205128,4517.948717,4186.666666,4473.333333,4230.256410,4242.051282,4515.897435,4232.820512,4668.717948,4010.769230,4077.948717
202,4390.256410,4494.358974,4528.717948,4245.128205,4511.282051,4184.102564,4469.230769,4232.820512,4249.230769,4524.102564,4232.307692,4667.692307,4025.128205,4075.384615
203,4389.743589,4493.333333,4532.307692,4245.641025,4508.205128,4185.128205,4463.589743,4232.820512,4244.102564,4515.897435,4228.205128,4662.051282,4023.589743,4075.384615
204,4386.153846,4489.230769,4530.769230,4242.051282,4508.717948,4182.051282,4457.435897,4219.487179,4226.153846,4504.102564,4233.846153,4655.384615,4013.846153,4077.948717
205,4386.666666,4489.743589,4527.692307,4244.102564,4507.692307,4174.871794,4453.846153,4210.256410,4216.923076,4501.025641,4230.769230,4651.794871,4015.897435,4080.512820
206,4386.666666,4490.769230,4527.692307,4248.717948,4503.589743,4174.358974,4453.333333,4213.846153,4220.512820,4498.974358,4216.923076,4652.820512,4022.051282,4076.923076
207,4377.435897,4485.641025,4527.692307,4237.948717,4503.589743,4181.025641,4453.846153,4215.384615,4230.256410,4502.051282,4213.333333,4652.307692,4014.871794,4070.769230
208,4375.897435,4480.000000,4528.205128,4234.358974,4508.717948,4184.102564,4458.461538,4217.435897,4236.410256,4509.743589,4213.333333,4651.794871,4010.256410,4080.000000
209,4380.512820,4474.871794,4528.717948,4248.205128,4509.230769,4182.564102,4459.487179,4219.487179,4227.692307,4504.615384,4207.179487,4652.307692,4022.051282,4087.692307
210,4377.435897,4475.897435,4527.692307,4248.717948,4508.205128,4184.102564,4456.410256,4214.358974,4218.461538,4496.410256,4212.820512,4651.794871,4030.769230,4081.538461
211,4381.538461,4487.692307,4529.743589,4244.102564,4514.358974,4185.128205,4458.974358,4221.025641,4226.153846,4506.666666,4230.769230,4658.974358,4036.923076,4080.512820
212,4388.205128,4490.256410,4534.358974,4248.717948,4514.358974,4185.128205,4460.512820,4230.769230,4240.000000,4519.487179,4236.923076,4666.666666,4041.538461,4090.256410
213,4380.512820,4478.974358,4530.256410,4238.974358,4508.717948,4186.153846,4458.461538,4222.051282,4241.025641,4511.282051,4224.102564,4657.948717,4033.333333,4092.307692
214,4378.461538,4482.564102,4527.692307,4224.102564,4517.435897,4186.666666,4459.487179,4220.512820,4231.282051,4501.538461,4211.282051,4652.820512,4030.769230,4088.717948
215,4387.692307,4491.794871,4533.846153,4228.205128,4523.589743,4188.205128,4464.102564,4231.794871,4231.282051,4509.230769,4213.333333,4661.538461,4042.564102,4092.307692
216,4384.102564,4484.615384,4533.846153,4230.256410,4512.307692,4186.666666,4462.051282,4231.282051,4232.820512,4513.333333,4224.615384,4662.564102,4042.564102,4086.153846
217,4375.384615,4482.564102,4526.153846,4227.179487,4503.589743,4181.538461,4456.923076,4218.974358,4226.153846,4504.102564,4230.256410,4654.871794,4032.820512,4074.871794
218,4381.538461,4491.282051,4526.666666,4231.282051,4509.743589,4183.076923,4457.435897,4220.512820,4234.358974,4504.102564,4228.717948,4656.410256,4032.307692,4081.538461
219,4392.820512,4490.769230,4534.358974,4235.897435,4517.435897,4191.282051,4462.564102,4229.743589,4250.769230,4520.000000,4227.692307,4664.102564,4035.897435,4094.871794
220,4395.384615,4488.717948,4536.923076,4240.000000,4521.538461,4191.794871,4462.564102,4230.256410,4244.615384,4521.025641,4232.307692,4664.615384,4040.000000,4095.897435
221,4389.230769,4493.333333,4537.435897,4250.769230,4524.615384,4186.666666,4459.487179,4225.128205,4231.282051,4507.692307,4238.974358,4663.076923,4042.051282,4093.846153
222,4387.692307,4495.384615,4538.461538,4253.333333,4517.435897,4185.128205,4458.974358,4218.974358,4231.282051,4505.641025,4234.358974,4664.615384,4043.076923,4094.358974
223,4389.230769,4493.333333,4534.358974,4238.974358,4506.153846,4184.102564,4458.461538,4217.435897,4233.333333,4507.692307,4218.974358,4661.538461,4045.128205,4090.256410
224,4390.769230,4490.769230,4533.333333,4235.384615,4513.846153,4183.076923,4459.487179,4223.589743,4237.435897,4508.717948,4217.948717,4659.487179,4044.615384,4092.307692
225,4395.384615,4492.820512,4536.923076,4247.692307,4525.128205,4185.641025,4463.076923,4229.230769,4243.076923,4514.358974,4235.384615,4665.641025,4042.051282,4097.435897
226,4390.256410,4493.846153,4536.410256,4246.666666,4514.871794,4185.641025,4460.512820,4226.666666,4238.461538,4510.769230,4238.461538,4665.641025,4032.820512,4089.230769
227,4386.666666,4491.282051,4535.384615,4236.410256,4501.025641,4182.564102,4460.000000,4225.128205,4232.307692,4503.076923,4226.153846,4663.076923,4031.282051,4082.564102
228,4400.512820,4495.384615,4542.564102,4244.102564,4509.743589,4185.641025,4466.153846,4233.846153,4234.358974,4508.717948,4230.256410,4671.794871,4045.641025,4095.897435
229,4408.717948,4501.538461,4549.230769,4255.384615,4517.948717,4188.717948,4465.641025,4233.846153,4236.410256,4512.307692,4231.282051,4674.871794,4049.230769,4105.641025
230,4390.256410,4488.717948,4541.025641,4244.615384,4511.282051,4181.538461,4459.487179,4222.051282,4230.769230,4503.589743,4213.846153,4661.538461,4033.333333,4089.743589
231,4375.384615,4474.358974,4529.743589,4229.230769,4506.153846,4171.794871,4453.846153,4214.358974,4224.615384,4501.538461,4208.205128,4650.769230,4024.102564,4075.384615
232,4378.974358,4481.538461,4526.666666,4223.076923,4504.615384,4167.692307,4449.743589,4214.358974,4222.051282,4498.461538,4212.820512,4647.692307,4022.564102,4076.410256
233,4383.589743,4493.333333,4530.256410,4228.205128,4502.564102,4170.256410,4451.794871,4215.897435,4221.538461,4494.358974,4214.871794,4650.256410,4021.538461,4073.333333
234,4388.717948,4494.358974,4532.820512,4245.128205,4510.769230,4179.487179,4456.923076,4214.871794,4223.589743,4500.512820,4216.410256,4656.410256,4025.128205,4071.282051
235,4389.743589,4489.230769,4530.769230,4246.666666,4516.923076,4183.076923,4453.846153,4211.794871,4223.076923,4500.512820,4211.282051,4653.846153,4019.487179,4075.384615
236,4383.076923,4488.717948,4529.230769,4232.307692,4514.358974,4183.076923,4455.384615,4216.923076,4227.179487,4500.512820,4210.769230,4650.256410,4022.564102,4079.487179
237,4383.589743,4492.307692,4531.794871,4235.897435,4516.410256,4185.128205,4464.615384,4221.538461,4230.769230,4506.153846,4215.897435,4655.897435,4034.871794,4082.564102
238,4385.641025,4495.897435,4529.230769,4248.717948,4515.384615,4177.948717,4455.897435,4208.205128,4220.000000,4494.871794,4205.128205,4651.282051,4018.461538,4076.923076
239,4384.615384,4494.358974,4523.076923,4245.128205,4513.333333,4172.820512,4444.615384,4202.564102,4216.410256,4486.666666,4199.487179,4644.615384,3998.461539,4065.641025
240,4389.743589,4488.205128,4528.205128,4244.615384,4518.974358,4180.512820,4453.333333,4212.820512,4227.692307,4502.051282,4225.128205,4654.358974,4015.384615,4073.846153
241,4393.846153,4493.333333,4531.282051,4252.820512,4520.512820,4184.102564,4455.384615,4215.897435,4226.666666,4507.692307,4231.794871,4657.435897,4042.564102,4088.205128
242,4386.153846,4506.666666,4528.205128,4251.282051,4517.435897,4180.512820,4450.256410,4209.230769,4210.769230,4491.794871,4201.538461,4648.717948,4039.487179,4082.051282
243,4386.666666,4504.615384,4530.256410,4247.179487,4516.410256,4177.948717,4454.358974,4205.641025,4205.641025,4482.564102,4198.974358,4651.282051,4009.743589,4072.820512
244,4392.820512,4495.384615,4531.794871,4247.179487,4514.358974,4175.897435,4453.333333,4208.205128,4211.794871,4486.666666,4221.538461,4655.897435,3992.307693,4076.923076
245,4388.205128,4493.846153,4529.230769,4246.666666,4516.923076,4177.435897,4446.666666,4211.282051,4218.974358,4494.358974,4213.333333,4654.358974,4012.307692,4083.076923
246,4387.692307,4498.461538,4530.769230,4249.230769,4523.589743,4183.076923,4451.282051,4212.820512,4223.589743,4495.897435,4200.512820,4657.435897,4032.820512,4084.102564
247,4395.384615,4507.692307,4534.358974,4248.205128,4520.000000,4181.025641,4455.384615,4212.820512,4221.538461,4495.897435,4211.282051,4657.948717,4024.615384,4082.564102
248,4394.358974,4507.179487,4531.794871,4240.512820,4515.384615,4180.512820,4452.307692,4215.897435,4218.461538,4500.000000,4213.333333,4651.794871,4007.692307,4080.000000
249,4389.230769,4495.897435,4532.820512,4244.615384,4515.897435,4183.076923,4456.410256,4214.358974,4223.589743,4494.871794,4204.102564,4653.846153,4005.128205,4082.051282
250,4392.307692,4498.461538,4537.948717,4257.948717,4518.461538,4182.564102,4458.974358,4214.358974,4229.743589,4486.666666,4212.307692,4662.564102,4014.871794,4083.589743
251,4397.948717,4512.307692,4538.461538,4254.358974,4523.589743,4184.615384,4457.948717,4218.461538,4228.205128,4496.410256,4222.051282,4664.102564,4025.128205,4083.076923
252,4396.923076,4509.743589,4537.435897,4239.487179,4525.128205,4186.666666,4458.461538,4216.923076,4222.564102,4504.615384,4215.897435,4661.025641,4023.589743,4084.615384
253,4395.897435,4500.000000,4540.512820,4244.615384,4520.512820,4184.102564,4455.897435,4214.358974,4220.512820,4504.615384,4214.358974,4664.102564,4013.333333,4087.179487
254,4402.564102,4506.153846,4546.666666,4263.076923,4522.051282,4185.128205,4457.435897,4215.384615,4223.076923,4506.153846,4221.025641,4671.794871,4015.384615,4095.384615
255,4410.769230,4518.461538,4548.205128,4266.666666,4528.205128,4192.307692,4460.512820,4216.923076,4229.230769,4503.589743,4218.974358,4675.897435,4029.743589,4104.102564
256,4411.794871,4527.179487,4548.205128,4263.076923,4528.717948,4194.871794,4458.461538,4218.461538,4234.358974,4504.102564,4212.307692,4674.871794,4037.435897,4098.974358
257,4411.282051,4527.179487,4550.256410,4266.153846,4529.230769,4192.307692,4460.000000,4220.000000,4231.794871,4508.717948,4218.974358,4674.871794,4026.666666,4090.769230
258,4411.282051,4517.435897,4546.153846,4264.615384,4531.282051,4189.743589,4461.025641,4215.384615,4228.205128,4507.179487,4229.743589,4671.794871,4014.358974,4091.282051
259,4405.128205,4505.641025,4543.589743,4266.666666,4525.641025,4186.666666,4452.820512,4212.820512,4232.307692,4503.589743,4223.076923,4666.666666,4020.000000,4090.256410
