,AF3,F7,F3,FC5,T7,P7,O1,O2,P8,T8,FC6,F4,F8,AF4
0,4396.410256,4526.153846,4521.025641,4271.282051,4502.051282,4198.974358,4434.358974,4189.743589,4213.846153,4486.153846,4208.717948,4641.538461,3997.435898,4044.102564
1,4392.307692,4521.025641,4520.000000,4262.051282,4497.948717,4199.487179,4428.717948,4188.717948,4209.743589,4485.128205,4203.589743,4632.307692,3994.871795,4037.435897
2,4396.410256,4521.025641,4522.564102,4267.692307,4486.153846,4197.435897,4430.769230,4193.846153,4210.256410,4490.769230,4209.230769,4633.846153,4001.025641,4036.410256
3,4403.076923,4523.076923,4526.153846,4283.076923,4491.794871,4202.564102,4440.000000,4198.461538,4219.487179,4501.025641,4210.769230,4643.589743,4010.769230,4041.538461
4,4405.641025,4529.230769,4527.179487,4282.564102,4505.641025,4206.666666,4438.461538,4194.358974,4226.666666,4495.897435,4207.179487,4643.076923,4008.205128,4044.615384
5,4404.615384,4532.307692,4523.589743,4271.794871,4505.641025,4203.076923,4429.743589,4194.358974,4225.128205,4485.128205,4211.282051,4639.487179,4002.051282,4046.153846
6,4406.153846,4531.794871,4528.205128,4274.358974,4499.487179,4203.589743,4433.333333,4204.102564,4225.641025,4493.846153,4216.923076,4644.102564,4005.128205,4049.743589
7,4406.666666,4531.794871,4535.384615,4279.487179,4500.000000,4207.179487,4441.538461,4209.743589,4231.282051,4510.256410,4217.948717,4648.717948,4013.333333,4051.794871
8,4403.589743,4529.743589,4528.205128,4273.846153,4499.487179,4204.102564,4438.974358,4207.179487,4231.282051,4512.307692,4224.615384,4645.128205,4015.897435,4049.230769
9,4404.615384,4533.333333,4523.076923,4274.358974,4501.025641,4204.615384,4435.897435,4208.205128,4230.256410,4509.743589,4229.230769,4644.102564,4015.897435,4049.743589
10,4405.641025,4538.974358,4529.743589,4283.589743,4505.641025,4211.794871,4438.461538,4212.307692,4232.820512,4515.384615,4222.051282,4647.692307,4014.871794,4051.282051
11,4398.974358,4533.846153,4529.743589,4282.564102,4503.589743,4208.717948,4436.923076,4208.717948,4232.307692,4515.384615,4217.435897,4643.589743,4011.282051,4045.128205
12,4395.384615,4528.717948,4522.564102,4275.897435,4498.974358,4201.538461,4433.846153,4204.615384,4228.205128,4503.589743,4224.102564,4639.487179,4007.692307,4040.000000
13,4404.102564,4532.820512,4523.589743,4275.897435,4497.435897,4200.512820,4432.820512,4202.564102,4225.641025,4495.897435,4224.615384,4640.512820,4010.256410,4045.128205
14,4401.538461,4528.205128,4524.102564,4272.307692,4492.307692,4195.384615,4427.692307,4194.358974,4217.435897,4492.820512,4208.717948,4637.948717,4008.205128,4045.128205
15,4387.179487,4513.846153,4521.025641,4262.051282,4483.589743,4186.666666,4424.102564,4188.717948,4211.794871,4491.282051,4202.564102,4633.846153,4001.025641,4036.410256
16,4391.794871,4514.871794,4523.589743,4262.564102,4489.230769,4190.769230,4430.256410,4196.923076,4221.025641,4504.102564,4216.410256,4640.512820,4004.615384,4040.512820
17,4400.000000,4520.000000,4524.102564,4267.692307,4502.051282,4197.948717,4431.794871,4200.000000,4225.641025,4509.743589,4217.948717,4643.589743,4005.641025,4050.256410
18,4393.333333,4520.000000,4521.538461,4266.666666,4500.000000,4198.461538,4427.179487,4197.435897,4218.461538,4490.256410,4210.769230,4638.461538,3998.974359,4048.717948
19,4395.384615,4522.564102,4525.641025,4271.794871,4498.461538,4201.025641,4434.358974,4206.666666,4222.564102,4486.666666,4223.076923,4644.615384,4010.256410,4051.794871
20,4400.512820,4523.076923,4528.205128,4275.384615,4501.538461,4202.051282,4438.461538,4212.307692,4228.717948,4508.717948,4233.333333,4650.769230,4021.025641,4056.410256
21,4394.358974,4521.538461,4522.051282,4265.641025,4495.384615,4198.461538,4428.205128,4204.615384,4222.564102,4513.333333,4216.410256,4637.948717,4010.256410,4049.230769
22,4395.897435,4526.153846,4521.025641,4270.256410,4493.846153,4202.564102,4432.820512,4205.128205,4228.205128,4511.794871,4211.282051,4632.820512,4012.307692,4049.743589
23,4406.666666,4532.820512,4528.717948,4282.564102,4507.692307,4210.769230,4444.615384,4214.871794,4239.487179,4519.487179,4229.230769,4646.666666,4021.025641,4057.948717
24,4399.487179,4525.128205,4527.692307,4278.461538,4506.153846,4205.128205,4432.820512,4206.153846,4227.692307,4508.205128,4230.256410,4646.153846,4006.666666,4048.717948
25,4389.743589,4517.435897,4522.564102,4271.794871,4495.897435,4197.948717,4427.179487,4194.871794,4219.487179,4492.820512,4223.589743,4637.948717,4004.102564,4043.076923
26,4397.948717,4523.589743,4525.641025,4273.846153,4503.076923,4204.615384,4438.461538,4204.102564,4230.769230,4504.102564,4228.205128,4643.589743,4022.051282,4055.384615
27,4396.923076,4523.589743,4525.128205,4269.230769,4499.487179,4203.076923,4430.769230,4204.615384,4227.692307,4510.769230,4216.923076,4640.512820,4015.897435,4050.256410
28,4384.102564,4511.282051,4520.512820,4264.102564,4487.179487,4196.923076,4420.512820,4193.846153,4214.871794,4499.487179,4203.076923,4630.769230,3998.461539,4037.435897
29,4389.230769,4509.743589,4523.589743,4269.230769,4492.307692,4200.512820,4430.256410,4200.512820,4221.538461,4501.025641,4222.564102,4638.974358,4004.102564,4045.641025
30,4399.487179,4519.487179,4527.179487,4266.153846,4496.410256,4200.512820,4433.846153,4211.794871,4230.769230,4505.641025,4237.435897,4644.615384,4011.794871,4052.820512
31,4393.333333,4521.538461,4524.102564,4262.051282,4490.256410,4198.461538,4427.692307,4207.692307,4225.641025,4500.000000,4217.948717,4634.871794,4007.179487,4044.102564
32,4388.717948,4519.487179,4523.589743,4271.282051,4496.923076,4205.641025,4429.230769,4201.538461,4217.435897,4498.974358,4205.128205,4629.230769,4000.000000,4038.974358
33,4390.256410,4519.487179,4524.615384,4276.410256,4501.538461,4205.641025,4428.717948,4197.435897,4214.358974,4496.923076,4212.820512,4631.794871,3992.820513,4040.512820
34,4385.128205,4517.948717,4521.538461,4268.205128,4495.384615,4194.871794,4422.564102,4192.820512,4212.307692,4494.871794,4215.897435,4631.794871,3991.794872,4039.487179
35,4380.512820,4515.384615,4518.974358,4263.076923,4495.897435,4194.358974,4421.538461,4193.333333,4213.333333,4500.000000,4213.846153,4630.256410,3995.897436,4036.923076
36,4385.128205,4511.282051,4520.000000,4270.769230,4494.871794,4200.000000,4426.153846,4199.487179,4219.487179,4501.538461,4214.871794,4629.230769,3994.871795,4039.487179
37,4387.692307,4511.794871,4521.538461,4270.256410,4485.128205,4202.051282,4429.230769,4201.538461,4222.564102,4500.000000,4213.846153,4630.769230,3997.948718,4040.512820
38,4384.102564,4514.871794,4521.025641,4261.025641,4485.128205,4203.589743,4429.743589,4199.487179,4225.641025,4507.179487,4213.333333,4633.333333,4003.589743,4040.512820
39,4382.564102,4514.358974,4519.487179,4258.974358,4494.871794,4202.564102,4429.230769,4200.512820,4224.102564,4505.128205,4218.974358,4634.358974,3999.487180,4042.051282
40,4381.538461,4511.282051,4520.000000,4262.564102,4495.384615,4204.102564,4428.205128,4200.512820,4215.897435,4491.282051,4218.974358,4631.794871,3993.333334,4041.025641
41,4380.000000,4510.769230,4520.000000,4265.128205,4490.769230,4208.205128,4428.205128,4200.000000,4213.846153,4490.769230,4215.897435,4629.743589,3994.871795,4039.487179
42,4383.589743,4512.820512,4517.435897,4266.666666,4494.358974,4210.769230,4431.282051,4203.076923,4220.512820,4502.564102,4220.512820,4630.769230,3997.948718,4040.512820
43,4387.179487,4517.948717,4519.487179,4269.743589,4502.564102,4213.846153,4433.846153,4206.666666,4224.615384,4505.128205,4223.076923,4631.282051,3997.948718,4041.025641
44,4384.615384,4524.102564,4521.025641,4270.256410,4505.641025,4218.974358,4431.794871,4204.615384,4223.076923,4502.051282,4220.512820,4625.128205,3998.461539,4040.512820
45,4378.974358,4523.076923,4511.282051,4263.076923,4505.128205,4217.435897,4431.282051,4199.487179,4217.948717,4498.974358,4211.282051,4617.435897,3996.923077,4038.974358
46,4377.948717,4515.897435,4507.179487,4257.948717,4502.051282,4206.666666,4430.769230,4197.948717,4211.794871,4495.897435,4203.589743,4616.410256,3989.743590,4035.384615
47,4377.948717,4511.282051,4518.461538,4263.589743,4492.820512,4201.538461,4427.179487,4198.974358,4210.256410,4493.333333,4206.666666,4624.102564,3983.076924,4034.358974
48,4376.410256,4510.256410,4524.102564,4270.769230,4484.102564,4204.102564,4428.205128,4198.461538,4210.256410,4492.307692,4213.333333,4632.307692,3987.692308,4039.487179
49,4377.435897,4508.717948,4518.974358,4269.230769,4481.538461,4207.179487,4431.794871,4201.538461,4213.333333,4492.307692,4214.871794,4633.333333,3994.358975,4040.512820
50,4383.589743,4506.666666,4523.589743,4263.589743,4485.128205,4210.256410,4432.820512,4213.846153,4224.615384,4496.410256,4222.051282,4634.871794,3989.230770,4039.487179
51,4382.051282,4503.589743,4527.179487,4257.435897,4488.205128,4204.615384,4426.666666,4209.743589,4223.076923,4503.589743,4223.589743,4635.897435,3983.076924,4037.435897
52,4367.179487,4497.948717,4512.820512,4250.769230,4478.974358,4192.820512,4415.897435,4193.333333,4207.692307,4495.384615,4210.769230,4623.076923,3983.076924,4030.769230
53,4364.615384,4501.025641,4506.666666,4256.923076,4474.871794,4192.820512,4416.923076,4191.282051,4205.641025,4484.615384,4207.179487,4616.410256,3986.153847,4030.256410
54,4374.871794,4509.743589,4513.333333,4269.230769,4490.769230,4203.076923,4427.179487,4193.846153,4208.205128,4490.769230,4212.820512,4623.589743,3988.717949,4035.897435
55,4374.358974,4508.717948,4511.794871,4268.205128,4493.846153,4206.666666,4427.692307,4187.692307,4203.076923,4496.410256,4209.743589,4622.051282,3985.128206,4034.871794
56,4370.256410,4504.615384,4507.179487,4261.025641,4485.128205,4207.179487,4424.615384,4186.666666,4208.205128,4496.410256,4210.769230,4618.461538,3985.128206,4033.333333
57,4370.256410,4501.025641,4508.205128,4255.897435,4492.820512,4206.666666,4422.564102,4189.230769,4211.794871,4493.333333,4212.307692,4622.051282,3987.692308,4033.846153
58,4365.128205,4494.871794,4506.153846,4248.717948,4492.307692,4199.487179,4417.435897,4183.076923,4200.512820,4484.102564,4202.051282,4616.410256,3982.564103,4028.205128
59,4361.025641,4501.025641,4501.538461,4247.692307,4476.410256,4198.974358,4420.000000,4182.051282,4199.487179,4484.615384,4195.897435,4607.179487,3972.307693,4021.538461
60,4367.179487,4511.282051,4502.051282,4258.974358,4478.461538,4210.769230,4430.769230,4194.871794,4211.282051,4493.333333,4204.615384,4609.743589,3970.769231,4025.128205
61,4367.692307,4501.538461,4502.051282,4258.974358,4487.692307,4213.846153,4430.256410,4198.461538,4212.307692,4496.410256,4210.769230,4612.307692,3976.923077,4029.230769
62,4365.641025,4495.384615,4505.641025,4250.769230,4482.564102,4206.666666,4424.615384,4190.256410,4207.179487,4497.948717,4206.153846,4612.820512,3986.153847,4033.333333
63,4363.589743,4505.128205,4502.051282,4251.282051,4483.076923,4204.615384,4421.538461,4182.564102,4200.512820,4491.282051,4196.923076,4608.205128,3984.615385,4030.256410
64,4359.487179,4505.128205,4492.820512,4252.307692,4486.153846,4204.615384,4417.948717,4183.589743,4194.871794,4475.897435,4193.333333,4600.000000,3975.897436,4019.487179
65,4366.666666,4504.102564,4501.025641,4260.000000,4484.615384,4206.153846,4424.102564,4192.307692,4202.564102,4481.025641,4208.205128,4611.794871,3982.051283,4026.153846
66,4376.923076,4513.333333,4513.846153,4266.666666,4492.307692,4213.333333,4432.820512,4200.000000,4214.871794,4497.948717,4225.128205,4627.179487,3993.333334,4043.589743
67,4377.435897,4515.384615,4509.743589,4258.461538,4493.846153,4217.435897,4430.769230,4201.025641,4217.948717,4502.564102,4217.435897,4621.025641,3992.307693,4045.128205
68,4376.923076,4508.717948,4505.641025,4255.897435,4492.307692,4216.923076,4431.794871,4202.051282,4217.435897,4507.692307,4207.692307,4619.487179,3994.871795,4037.948717
69,4371.794871,4501.538461,4510.256410,4258.461538,4498.461538,4213.333333,4432.307692,4202.051282,4216.410256,4503.076923,4210.256410,4627.179487,3992.820513,4035.384615
70,4356.410256,4490.769230,4505.128205,4243.589743,4491.282051,4203.076923,4422.051282,4190.256410,4207.692307,4486.153846,4204.102564,4613.333333,3968.205129,4025.128205
71,4350.256410,4483.589743,4497.435897,4236.923076,4476.923076,4201.538461,4415.384615,4183.589743,4201.025641,4478.461538,4194.358974,4602.051282,3958.974359,4017.435897
72,4358.974358,4491.282051,4502.051282,4252.307692,4486.666666,4211.794871,4421.538461,4191.282051,4205.128205,4485.128205,4197.435897,4612.307692,3979.487180,4025.641025
73,4360.000000,4501.025641,4505.641025,4252.820512,4500.512820,4208.205128,4421.538461,4190.256410,4208.717948,4491.282051,4197.435897,4617.435897,3981.025642,4024.102564
74,4354.871794,4500.512820,4502.051282,4242.051282,4495.384615,4196.923076,4412.307692,4182.051282,4201.025641,4482.051282,4188.717948,4610.769230,3964.615385,4011.282051
75,4360.000000,4498.974358,4502.051282,4248.717948,4495.384615,4199.487179,4413.846153,4184.102564,4194.358974,4472.820512,4190.256410,4611.794871,3968.717949,4017.435897
76,4362.564102,4500.000000,4505.641025,4254.871794,4503.589743,4205.128205,4418.974358,4188.717948,4195.384615,4478.461538,4192.307692,4616.410256,3978.461539,4027.692307
77,4353.846153,4492.820512,4504.102564,4245.128205,4498.461538,4196.923076,4413.846153,4183.589743,4195.897435,4477.948717,4185.128205,4612.820512,3974.358975,4012.307692
78,4350.769230,4491.794871,4503.076923,4239.487179,4486.153846,4194.358974,4416.410256,4185.641025,4194.358974,4469.230769,4186.153846,4612.307692,3973.846154,4003.076923
79,4360.000000,4501.025641,4506.153846,4243.589743,4487.692307,4197.948717,4424.615384,4191.794871,4197.948717,4477.435897,4197.435897,4617.435897,3974.871795,4015.384615
80,4363.589743,4499.487179,4507.179487,4245.641025,4496.923076,4194.871794,4421.025641,4190.256410,4205.128205,4484.102564,4192.307692,4619.487179,3974.871795,4016.923076
81,4357.435897,4490.769230,4504.615384,4242.051282,4490.256410,4189.230769,4413.846153,4188.205128,4202.564102,4470.256410,4175.897435,4615.384615,3977.435898,4010.769230
82,4356.923076,4494.358974,4503.076923,4240.512820,4486.153846,4187.692307,4417.435897,4189.230769,4194.871794,4464.102564,4182.051282,4614.358974,3975.384616,4014.358974
83,4356.410256,4496.923076,4504.102564,4247.179487,4495.384615,4191.282051,4421.538461,4186.666666,4194.871794,4466.666666,4193.846153,4612.820512,3968.717949,4009.743589
84,4348.717948,4490.256410,4504.102564,4245.641025,4492.307692,4190.256410,4417.435897,4181.025641,4195.384615,4467.692307,4182.051282,4607.179487,3962.564103,3996.410257
85,4351.282051,4492.307692,4503.589743,4240.000000,4484.615384,4190.256410,4417.948717,4183.589743,4196.410256,4474.358974,4175.897435,4608.717948,3965.641026,4002.051282
86,4366.666666,4503.076923,4510.256410,4247.692307,4489.743589,4196.923076,4425.128205,4194.871794,4205.641025,4481.538461,4192.820512,4619.487179,3980.000000,4017.948717
87,4371.794871,4501.538461,4521.538461,4261.025641,4495.897435,4199.487179,4432.307692,4203.589743,4220.000000,4485.641025,4204.615384,4628.717948,3989.230770,4021.025641
88,4364.615384,4498.461538,4522.564102,4257.435897,4493.846153,4197.435897,4430.256410,4206.666666,4223.589743,4488.205128,4205.641025,4628.205128,3984.615385,4017.435897
89,4361.538461,4498.974358,4510.769230,4244.615384,4492.820512,4192.820512,4424.102564,4203.076923,4218.461538,4490.256410,4207.692307,4625.641025,3985.128206,4018.461538
90,4364.102564,4497.948717,4503.589743,4248.205128,4490.256410,4187.692307,4425.128205,4194.871794,4216.923076,4492.307692,4200.512820,4627.179487,3993.846154,4021.538461
91,4371.282051,4505.128205,4512.820512,4255.384615,4488.205128,4192.307692,4429.743589,4194.871794,4221.538461,4496.410256,4192.307692,4630.256410,3998.974359,4026.153846
92,4374.358974,4512.307692,4523.589743,4252.820512,4487.692307,4197.435897,4428.205128,4199.487179,4218.461538,4493.846153,4200.000000,4632.820512,3993.333334,4026.666666
93,4367.692307,4503.076923,4521.025641,4251.794871,4486.153846,4192.820512,4424.102564,4193.333333,4207.692307,4482.051282,4207.179487,4632.307692,3980.000000,4020.000000
94,4369.743589,4496.923076,4522.051282,4257.948717,4492.820512,4192.307692,4424.615384,4187.179487,4206.666666,4472.820512,4198.461538,4632.307692,3980.512821,4021.025641
95,4378.974358,4506.666666,4522.564102,4257.948717,4501.538461,4195.897435,4422.051282,4188.717948,4208.205128,4477.435897,4193.333333,4631.282051,3993.333334,4027.179487
96,4374.871794,4511.282051,4514.358974,4255.384615,4494.358974,4189.230769,4420.000000,4189.230769,4204.102564,4486.153846,4194.871794,4628.205128,3990.769231,4023.076923
97,4372.820512,4517.948717,4515.384615,4259.487179,4485.641025,4183.076923,4423.076923,4189.230769,4204.615384,4484.615384,4196.923076,4629.230769,3985.128206,4024.102564
98,4382.564102,4530.256410,4521.538461,4261.538461,4496.410256,4189.743589,4423.589743,4192.820512,4211.282051,4485.641025,4202.564102,4631.794871,3994.871795,4031.794871
99,4381.025641,4527.692307,4513.333333,4261.538461,4502.564102,4193.846153,4422.051282,4192.307692,4211.794871,4491.794871,4201.538461,4626.666666,3995.897436,4028.205128
100,4373.333333,4517.948717,4502.564102,4261.025641,4494.358974,4191.282051,4425.641025,4188.205128,4207.179487,4483.589743,4193.333333,4621.025641,3990.256411,4021.538461
101,4376.410256,4516.410256,4510.769230,4260.512820,4497.948717,4191.282051,4430.256410,4193.333333,4211.282051,4483.076923,4196.923076,4626.666666,3995.897436,4025.128205
102,4380.512820,4515.897435,4522.564102,4261.538461,4504.615384,4198.461538,4432.307692,4202.051282,4220.000000,4499.487179,4207.692307,4631.282051,3999.487180,4029.743589
103,4375.897435,4511.794871,4515.897435,4255.384615,4497.948717,4202.564102,4433.846153,4203.589743,4220.512820,4503.076923,4204.102564,4625.128205,3992.820513,4023.076923
104,4373.333333,4511.794871,4512.307692,4251.794871,4494.358974,4199.487179,4439.487179,4205.641025,4219.487179,4494.871794,4205.128205,4625.128205,3989.230770,4018.974358
105,4378.461538,4514.358974,4520.000000,4261.538461,4500.512820,4202.051282,4444.102564,4212.307692,4225.641025,4501.025641,4216.410256,4633.846153,3996.410257,4025.641025
106,4373.333333,4511.794871,4514.871794,4262.564102,4500.000000,4201.025641,4435.897435,4209.230769,4220.512820,4503.589743,4211.794871,4628.717948,3997.435898,4023.589743
107,4370.256410,4512.307692,4507.179487,4255.384615,4494.358974,4196.410256,4428.717948,4207.179487,4216.923076,4500.000000,4203.076923,4624.615384,3990.769231,4021.025641
108,4384.102564,4523.589743,4520.512820,4263.589743,4497.435897,4202.051282,4437.435897,4220.000000,4235.384615,4509.230769,4217.948717,4639.487179,3997.948718,4037.435897
109,4390.256410,4525.641025,4529.230769,4272.820512,4496.923076,4202.564102,4438.461538,4219.487179,4239.487179,4511.794871,4228.717948,4644.615384,4012.307692,4045.641025
110,4377.948717,4513.333333,4521.538461,4266.153846,4491.282051,4197.948717,4427.179487,4204.615384,4218.974358,4502.051282,4218.974358,4631.282051,4012.820512,4035.384615
111,4381.025641,4512.307692,4523.076923,4262.051282,4492.820512,4201.538461,4428.717948,4202.051282,4215.897435,4498.974358,4216.410256,4630.769230,4006.666666,4038.461538
112,4393.333333,4519.487179,4528.205128,4265.128205,4496.410256,4201.538461,4432.820512,4204.615384,4223.589743,4502.051282,4217.948717,4641.025641,4005.128205,4045.641025
113,4386.153846,4515.897435,4518.974358,4261.538461,4493.846153,4187.692307,4421.025641,4193.333333,4212.820512,4500.000000,4208.205128,4635.897435,3995.384616,4030.256410
114,4376.410256,4510.769230,4512.307692,4259.487179,4490.256410,4185.128205,4414.358974,4186.666666,4205.128205,4497.435897,4206.666666,4626.666666,3989.743590,4021.025641
115,4381.025641,4517.948717,4519.487179,4264.615384,4493.333333,4200.000000,4424.615384,4196.923076,4209.230769,4495.384615,4212.820512,4630.256410,4000.512820,4031.794871
116,4384.615384,4520.000000,4523.589743,4270.256410,4496.923076,4205.128205,4432.307692,4202.564102,4210.769230,4491.794871,4210.769230,4633.846153,4001.538461,4036.410256
117,4386.666666,4514.358974,4523.589743,4271.282051,4494.871794,4198.974358,4431.794871,4203.589743,4215.897435,4496.410256,4215.384615,4634.358974,3992.307693,4034.358974
118,4394.358974,4521.538461,4530.256410,4267.692307,4496.410256,4200.512820,4432.307692,4214.358974,4225.641025,4508.717948,4227.179487,4643.076923,4000.512820,4040.512820
119,4396.923076,4527.692307,4532.820512,4262.564102,4502.564102,4204.615384,4431.282051,4221.025641,4228.205128,4518.974358,4224.102564,4645.641025,4018.461538,4044.615384
120,4388.205128,4520.512820,4523.589743,4264.615384,4500.512820,4198.974358,4428.717948,4210.769230,4221.025641,4512.307692,4210.256410,4634.871794,4012.820512,4038.461538
121,4387.692307,4518.974358,4520.512820,4272.307692,4488.717948,4192.820512,4428.717948,4201.538461,4212.820512,4497.948717,4207.692307,4630.256410,3996.923077,4035.897435
122,4388.717948,4514.358974,4522.564102,4263.589743,4481.538461,4193.846153,4426.666666,4200.000000,4210.256410,4490.769230,4209.743589,4630.769230,3990.256411,4031.282051
123,4381.538461,4504.102564,4516.923076,4253.333333,4485.641025,4198.974358,4427.692307,4201.538461,4213.333333,4492.820512,4207.692307,4626.666666,3989.230770,4023.589743
124,4378.974358,4509.743589,4509.743589,4258.974358,4498.461538,4205.128205,4434.358974,4203.589743,4213.333333,4493.846153,4206.153846,4623.076923,3991.282052,4025.641025
125,4373.846153,4513.846153,4504.102564,4253.333333,4499.487179,4199.487179,4428.205128,4193.846153,4203.076923,4484.102564,4195.897435,4617.435897,3984.102565,4021.025641
126,4366.153846,4506.666666,4502.564102,4248.717948,4485.128205,4188.717948,4416.923076,4183.589743,4196.923076,4483.076923,4191.794871,4612.820512,3973.846154,4012.307692
127,4372.820512,4512.820512,4507.179487,4264.615384,4484.102564,4190.769230,4420.512820,4187.179487,4199.487179,4488.717948,4203.589743,4616.923076,3977.948718,4016.923076
128,4380.512820,4524.102564,4508.717948,4269.230769,4491.282051,4192.307692,4421.538461,4188.717948,4197.948717,4480.512820,4203.076923,4616.410256,3982.051283,4022.051282
129,4377.948717,4523.589743,4507.179487,4256.923076,4487.692307,4190.769230,4412.820512,4184.615384,4195.897435,4475.384615,4190.769230,4615.897435,3981.025642,4022.051282
130,4371.282051,4515.384615,4506.153846,4252.820512,4482.564102,4190.769230,4410.769230,4183.076923,4200.000000,4483.076923,4188.717948,4616.923076,3983.076924,4022.051282
131,4364.102564,4503.589743,4503.589743,4253.846153,4481.025641,4189.230769,4412.820512,4178.461538,4201.538461,4482.564102,4193.846153,4609.743589,3979.487180,4015.384615
132,4366.153846,4506.153846,4503.076923,4253.846153,4482.051282,4189.743589,4412.307692,4175.384615,4197.948717,4481.025641,4197.948717,4610.256410,3976.410257,4009.230769
133,4373.333333,4521.025641,4505.641025,4260.000000,4486.153846,4192.307692,4410.769230,4175.384615,4194.358974,4487.179487,4195.384615,4614.358974,3982.564103,4011.282051
134,4369.230769,4521.025641,4504.102564,4264.102564,4488.205128,4190.256410,4409.743589,4172.820512,4188.717948,4483.076923,4188.717948,4609.743589,3983.076924,4012.307692
135,4370.256410,4520.512820,4504.102564,4268.205128,4490.256410,4190.769230,4410.256410,4174.871794,4188.717948,4474.871794,4196.923076,4611.282051,3979.487180,4015.384615
136,4388.717948,4531.794871,4512.820512,4272.820512,4497.948717,4202.051282,4418.974358,4187.179487,4202.051282,4485.641025,4214.871794,4625.641025,3990.769231,4028.717948
137,4387.692307,4529.743589,4514.871794,4265.641025,4499.487179,4203.589743,4426.153846,4194.871794,4211.794871,4497.948717,4212.820512,4632.307692,3996.410257,4033.333333
138,4370.256410,4514.358974,4507.692307,4259.487179,4490.256410,4189.230769,4420.000000,4188.205128,4205.641025,4488.717948,4201.538461,4625.128205,3987.179488,4023.589743
139,4369.743589,4515.384615,4505.128205,4261.025641,4478.461538,4182.564102,4410.769230,4184.102564,4199.487179,4480.000000,4204.615384,4617.948717,3984.615385,4017.435897
140,4377.435897,4526.153846,4508.717948,4268.205128,4476.923076,4189.230769,4409.230769,4190.769230,4207.692307,4496.410256,4211.282051,4622.051282,3990.256411,4023.076923
141,4381.025641,4529.230769,4510.769230,4278.974358,4492.307692,4196.410256,4414.358974,4196.410256,4216.410256,4505.128205,4210.256410,4631.282051,3993.846154,4030.769230
142,4379.487179,4524.102564,4508.205128,4273.846153,4497.435897,4194.358974,4415.384615,4186.153846,4204.615384,4487.179487,4200.000000,4624.615384,3989.230770,4024.102564
143,4371.794871,4519.487179,4506.153846,4252.307692,4487.692307,4197.435897,4413.846153,4178.974358,4193.846153,4477.435897,4194.358974,4613.333333,3984.615385,4012.307692
144,4364.615384,4512.307692,4504.102564,4249.743589,4486.666666,4203.076923,4417.948717,4185.128205,4202.564102,4487.692307,4205.128205,4617.948717,3985.128206,4012.307692
145,4363.076923,4502.051282,4500.000000,4260.000000,4490.256410,4198.461538,4417.435897,4184.615384,4206.153846,4492.820512,4211.794871,4618.974358,3983.076924,4013.333333
146,4363.076923,4502.564102,4498.974358,4256.410256,4490.769230,4196.410256,4415.897435,4182.564102,4204.615384,4495.384615,4207.692307,4613.333333,3980.000000,4007.692307
147,4366.153846,4512.820512,4504.102564,4257.948717,4490.769230,4204.102564,4423.076923,4192.820512,4212.820512,4500.512820,4208.717948,4619.487179,3988.205129,4007.179487
148,4374.358974,4521.538461,4508.717948,4273.846153,4488.205128,4210.256410,4430.256410,4203.076923,4220.512820,4498.461538,4214.871794,4629.230769,4001.538461,4019.487179
149,4373.846153,4524.102564,4505.128205,4272.307692,4486.153846,4205.128205,4425.128205,4200.512820,4219.487179,4496.923076,4216.410256,4624.615384,3998.461539,4026.153846
150,4370.769230,4521.025641,4505.641025,4257.435897,4485.641025,4197.948717,4420.512820,4196.923076,4217.948717,4501.025641,4215.384615,4623.076923,3995.897436,4022.564102
151,4378.461538,4516.410256,4516.923076,4263.076923,4490.769230,4202.051282,4428.717948,4203.076923,4221.538461,4508.717948,4220.000000,4635.897435,4007.179487,4028.205128
152,4382.051282,4511.794871,4520.512820,4274.358974,4498.461538,4205.128205,4430.769230,4205.128205,4222.051282,4506.666666,4229.230769,4639.487179,4007.179487,4035.897435
153,4374.871794,4514.358974,4510.769230,4266.153846,4492.820512,4202.051282,4423.076923,4199.487179,4212.820512,4495.897435,4227.179487,4630.769230,3993.846154,4032.307692
154,4376.923076,4525.128205,4506.666666,4263.076923,4483.589743,4202.051282,4419.487179,4192.307692,4203.589743,4495.897435,4216.923076,4629.743589,3992.820513,4030.769230
155,4378.974358,4524.102564,4509.230769,4269.230769,4488.205128,4203.076923,4418.974358,4184.615384,4203.076923,4497.435897,4209.743589,4626.153846,3992.820513,4029.230769
156,4366.666666,4510.256410,4505.641025,4261.025641,4486.666666,4198.974358,4415.384615,4181.025641,4204.102564,4495.384615,4205.641025,4617.948717,3983.589744,4018.974358
157,4362.564102,4507.692307,4504.615384,4253.846153,4481.538461,4200.512820,4415.384615,4185.128205,4203.076923,4496.410256,4207.692307,4626.153846,3989.743590,4020.000000
158,4368.205128,4507.179487,4507.692307,4258.461538,4486.153846,4201.025641,4413.333333,4186.153846,4198.461538,4487.179487,4213.333333,4631.794871,3997.435898,4027.179487
159,4363.076923,4498.974358,4503.076923,4254.871794,4484.615384,4191.794871,4405.641025,4179.487179,4191.282051,4471.282051,4207.179487,4616.410256,3984.102565,4020.512820
160,4366.153846,4507.692307,4503.589743,4258.461538,4482.051282,4200.000000,4414.871794,4187.179487,4201.025641,4486.666666,4204.615384,4616.410256,3984.615385,4022.564102
161,4375.897435,4522.051282,4510.256410,4272.307692,4488.205128,4216.410256,4432.820512,4200.512820,4218.974358,4512.307692,4220.000000,4631.282051,3998.461539,4035.384615
162,4369.230769,4516.410256,4509.230769,4266.153846,4483.589743,4210.769230,4432.820512,4198.974358,4215.897435,4508.205128,4224.615384,4626.666666,3996.923077,4030.256410
163,4364.102564,4507.179487,4503.589743,4252.307692,4477.948717,4202.564102,4425.641025,4194.358974,4209.230769,4494.358974,4217.948717,4618.974358,3990.769231,4021.025641
164,4377.435897,4510.769230,4504.615384,4258.974358,4489.230769,4209.743589,4430.769230,4201.538461,4218.974358,4497.948717,4224.102564,4630.256410,3996.410257,4029.743589
165,4384.102564,4514.871794,4514.871794,4270.256410,4491.794871,4215.384615,4440.000000,4211.794871,4227.179487,4505.641025,4233.846153,4640.512820,4001.025641,4038.461538
166,4378.974358,4518.974358,4521.025641,4271.794871,4485.128205,4215.384615,4442.564102,4211.794871,4224.102564,4503.589743,4234.871794,4640.000000,4007.179487,4040.512820
167,4381.538461,4525.641025,4515.384615,4273.846153,4493.846153,4220.000000,4437.435897,4206.666666,4221.538461,4504.102564,4231.282051,4636.923076,4014.871794,4044.615384
168,4377.435897,4518.461538,4505.641025,4270.769230,4492.820512,4215.897435,4429.230769,4200.512820,4213.333333,4506.153846,4217.948717,4631.282051,4002.564102,4037.435897
169,4366.153846,4505.641025,4503.589743,4265.641025,4474.358974,4203.589743,4427.692307,4192.820512,4204.102564,4496.410256,4206.666666,4622.564102,3985.128206,4021.025641
170,4368.717948,4508.717948,4506.666666,4263.589743,4475.384615,4206.153846,4429.230769,4195.384615,4208.205128,4486.153846,4213.846153,4621.025641,3986.666667,4024.102564
171,4373.333333,4514.358974,4505.641025,4262.564102,4493.846153,4213.333333,4428.205128,4200.000000,4211.794871,4486.666666,4223.076923,4623.076923,3994.358975,4034.358974
172,4368.717948,4512.820512,4507.179487,4265.128205,4498.974358,4211.282051,4428.717948,4195.897435,4206.666666,4485.641025,4223.076923,4622.564102,3995.384616,4029.743589
173,4366.666666,4512.307692,4504.102564,4262.564102,4487.179487,4206.666666,4425.641025,4189.230769,4202.051282,4486.153846,4216.923076,4618.974358,3991.282052,4020.512820
174,4366.153846,4512.307692,4492.307692,4251.282051,4478.974358,4203.076923,4417.435897,4185.641025,4196.923076,4490.256410,4205.128205,4613.846153,3983.589744,4020.000000
175,4363.076923,4513.846153,4491.282051,4255.384615,4481.025641,4204.615384,4418.974358,4186.666666,4195.384615,4483.589743,4203.076923,4614.358974,3978.461539,4025.641025
176,4371.794871,4523.589743,4504.102564,4273.333333,4489.743589,4213.333333,4430.769230,4194.871794,4207.692307,4481.025641,4223.589743,4625.641025,3993.846154,4034.871794
177,4387.692307,4531.282051,4512.307692,4275.384615,4496.410256,4220.000000,4433.333333,4203.589743,4217.435897,4494.358974,4241.538461,4636.923076,4011.794871,4042.564102
178,4384.615384,4520.512820,4508.205128,4265.641025,4491.282051,4214.871794,4425.128205,4201.025641,4213.333333,4501.538461,4234.871794,4635.384615,4012.307692,4044.102564
179,4375.384615,4511.282051,4506.666666,4267.179487,4481.538461,4207.179487,4418.974358,4195.897435,4215.384615,4505.641025,4225.128205,4633.333333,4008.717948,4046.153846
180,4373.846153,4510.769230,4505.128205,4268.205128,4478.461538,4208.205128,4419.487179,4197.948717,4216.410256,4512.820512,4229.230769,4632.820512,4000.000000,4043.076923
181,4369.743589,4505.641025,4498.461538,4260.000000,4475.897435,4210.256410,4418.974358,4194.871794,4200.000000,4503.076923,4230.256410,4622.564102,3984.102565,4030.256410
182,4366.153846,4505.641025,4494.871794,4259.487179,4477.948717,4209.230769,4417.435897,4187.692307,4190.769230,4482.051282,4217.948717,4613.846153,3985.641026,4026.666666
183,4370.769230,4516.410256,4497.435897,4268.205128,4488.717948,4209.743589,4418.461538,4184.102564,4194.871794,4478.461538,4207.179487,4616.923076,3998.974359,4034.871794
184,4372.820512,4516.923076,4502.051282,4270.769230,4490.256410,4211.794871,4420.512820,4182.564102,4192.820512,4485.128205,4213.846153,4618.974358,3992.820513,4034.358974
185,4365.641025,4508.205128,4504.102564,4267.692307,4486.666666,4214.358974,4422.051282,4178.974358,4190.256410,4482.564102,4217.948717,4618.461538,3978.974359,4029.230769
186,4364.102564,4510.769230,4502.564102,4265.128205,4491.282051,4211.794871,4419.487179,4176.923076,4194.871794,4479.487179,4210.769230,4621.025641,3980.000000,4031.282051
187,4369.743589,4514.358974,4503.589743,4267.179487,4488.717948,4208.205128,4414.871794,4181.538461,4195.897435,4484.615384,4213.333333,4624.615384,3987.692308,4034.358974
188,4373.333333,4511.794871,4508.205128,4271.282051,4487.179487,4210.769230,4419.487179,4189.230769,4195.384615,4486.666666,4219.487179,4627.179487,3991.282052,4036.410256
189,4373.846153,4517.948717,4508.717948,4267.692307,4496.410256,4213.333333,4427.692307,4191.794871,4199.487179,4485.641025,4212.820512,4626.153846,3990.769231,4038.974358
190,4375.897435,4524.102564,4506.153846,4265.641025,4500.000000,4212.307692,4429.230769,4194.358974,4208.205128,4500.000000,4216.410256,4627.179487,3992.307693,4041.025641
191,4378.974358,4523.076923,4509.230769,4272.307692,4498.974358,4217.948717,4430.256410,4200.512820,4213.333333,4507.179487,4229.230769,4633.333333,3995.897436,4040.512820
192,4375.897435,4520.000000,4510.256410,4267.179487,4500.000000,4216.410256,4428.205128,4190.769230,4200.512820,4484.102564,4219.487179,4628.205128,3988.717949,4033.333333
193,4366.153846,4511.282051,4506.153846,4254.358974,4489.743589,4204.615384,4419.487179,4174.871794,4186.153846,4467.692307,4201.538461,4616.410256,3975.384616,4021.025641
194,4357.948717,4496.923076,4505.641025,4254.871794,4482.564102,4206.666666,4420.512820,4183.076923,4192.307692,4482.564102,4204.615384,4616.410256,3970.256411,4012.820512
195,4358.974358,4500.000000,4509.230769,4260.000000,4496.923076,4213.846153,4430.256410,4200.000000,4205.641025,4497.948717,4216.410256,4627.179487,3977.948718,4021.025641
196,4365.128205,4514.358974,4508.717948,4257.435897,4502.564102,4206.666666,4430.769230,4199.487179,4208.717948,4492.307692,4217.948717,4629.743589,3991.794872,4032.307692
197,4371.794871,4516.923076,4505.641025,4260.000000,4494.358974,4205.641025,4429.230769,4196.410256,4205.128205,4483.076923,4211.794871,4625.641025,4001.025641,4030.256410
198,4373.846153,4516.410256,4504.615384,4261.538461,4498.974358,4207.179487,4429.230769,4193.846153,4200.000000,4483.076923,4211.794871,4625.641025,3998.461539,4024.615384
199,4364.102564,4518.974358,4503.589743,4257.948717,4498.461538,4191.282051,4417.948717,4183.589743,4192.307692,4478.974358,4211.794871,4622.564102,3985.128206,4022.051282
200,4356.923076,4515.384615,4502.051282,4261.025641,4487.179487,4182.051282,4407.692307,4179.487179,4189.230769,4466.666666,4205.641025,4616.923076,3979.487180,4018.974358
201,4365.641025,4516.410256,4504.615384,4267.692307,4493.846153,4200.512820,4418.461538,4191.282051,4195.384615,4471.282051,4204.615384,4621.538461,3988.205129,4020.512820
202,4371.282051,4523.076923,4508.717948,4267.692307,4511.282051,4216.923076,4431.794871,4201.025641,4203.589743,4487.692307,4207.692307,4625.641025,3993.846154,4024.102564
203,4362.051282,4521.025641,4499.487179,4260.512820,4507.179487,4208.205128,4429.230769,4197.948717,4203.589743,4485.641025,4204.615384,4617.435897,3988.205129,4016.923076
204,4357.948717,4512.820512,4493.846153,4257.948717,4495.897435,4197.948717,4425.641025,4194.871794,4204.102564,4478.974358,4205.128205,4619.487179,3987.179488,4017.435897
205,4364.615384,4508.717948,4503.589743,4256.923076,4498.974358,4203.589743,4429.743589,4197.948717,4207.692307,4480.512820,4207.692307,4629.743589,3993.846154,4026.153846
206,4367.179487,4508.717948,4509.230769,4253.333333,4493.846153,4200.512820,4427.692307,4196.410256,4204.102564,4473.333333,4205.641025,4627.179487,3989.230770,4023.589743
207,4372.307692,4515.384615,4510.769230,4261.025641,4488.205128,4196.410256,4429.743589,4197.948717,4206.153846,4475.384615,4205.641025,4628.717948,3985.641026,4021.025641
208,4382.564102,4522.051282,4518.461538,4273.846153,4492.307692,4202.564102,4442.051282,4211.794871,4220.000000,4500.512820,4210.769230,4642.051282,3996.410257,4030.769230
209,4380.512820,4515.897435,4526.153846,4266.666666,4491.794871,4204.102564,4444.102564,4220.000000,4224.102564,4505.128205,4216.410256,4646.153846,4003.589743,4038.974358
210,4372.820512,4507.692307,4523.589743,4253.333333,4489.230769,4199.487179,4438.974358,4214.871794,4222.564102,4491.282051,4222.564102,4638.974358,3997.948718,4035.384615
211,4369.230769,4505.641025,4516.410256,4253.333333,4491.794871,4200.000000,4440.512820,4212.820512,4221.025641,4488.717948,4221.538461,4636.410256,3991.282052,4025.641025
212,4360.512820,4500.000000,4509.230769,4250.256410,4492.307692,4196.923076,4433.846153,4203.589743,4205.128205,4484.102564,4205.128205,4631.282051,3986.153847,4016.923076
213,4353.846153,4496.410256,4505.128205,4249.230769,4490.256410,4190.256410,4423.589743,4191.794871,4190.256410,4475.384615,4193.846153,4620.512820,3975.384616,4011.794871
214,4360.000000,4507.692307,4509.230769,4258.974358,4495.897435,4194.871794,4430.256410,4197.435897,4199.487179,4480.512820,4195.897435,4618.461538,3975.897436,4013.846153
215,4369.230769,4523.076923,4516.410256,4266.666666,4500.512820,4202.564102,4437.435897,4206.153846,4212.820512,4489.743589,4208.205128,4629.743589,3994.871795,4023.076923
216,4378.974358,4525.641025,4524.102564,4269.230769,4502.051282,4205.128205,4434.358974,4207.692307,4218.974358,4494.358974,4225.128205,4638.974358,4008.717948,4034.871794
217,4381.538461,4520.512820,4525.128205,4268.717948,4504.615384,4198.974358,4430.769230,4208.717948,4218.974358,4497.948717,4221.025641,4637.435897,4001.538461,4035.897435
218,4372.307692,4517.435897,4518.461538,4267.692307,4500.512820,4193.333333,4429.230769,4206.153846,4211.282051,4497.435897,4208.205128,4631.794871,3996.923077,4028.717948
219,4367.692307,4520.000000,4511.794871,4271.794871,4498.974358,4204.615384,4427.179487,4202.051282,4208.205128,4494.871794,4216.410256,4626.666666,4008.205128,4027.692307
220,4372.307692,4527.692307,4508.717948,4270.769230,4501.538461,4214.871794,4429.743589,4205.641025,4215.384615,4496.410256,4223.076923,4624.615384,4011.282051,4028.205128
221,4375.384615,4524.615384,4507.692307,4262.051282,4497.435897,4211.794871,4430.256410,4208.205128,4217.435897,4497.948717,4209.230769,4624.102564,4002.051282,4022.564102
222,4375.897435,4513.333333,4513.333333,4260.000000,4487.179487,4207.179487,4427.692307,4205.641025,4215.384615,4500.000000,4208.205128,4625.641025,3997.948718,4025.128205
223,4376.410256,4508.205128,4522.051282,4262.564102,4489.230769,4209.230769,4430.256410,4205.641025,4218.974358,4498.461538,4225.641025,4631.282051,3999.487180,4032.307692
224,4369.743589,4505.128205,4514.871794,4257.948717,4496.923076,4209.230769,4430.256410,4202.051282,4214.358974,4489.230769,4221.025641,4628.717948,3997.948718,4020.512820
225,4362.051282,4503.589743,4504.102564,4253.333333,4488.205128,4205.641025,4424.615384,4197.435897,4209.743589,4487.692307,4204.615384,4622.564102,3997.435898,4013.846153
226,4364.615384,4509.743589,4513.333333,4259.487179,4483.589743,4210.769230,4432.307692,4206.666666,4220.512820,4495.897435,4207.179487,4626.666666,4000.512820,4025.128205
227,4368.205128,4513.846153,4523.589743,4266.153846,4494.358974,4216.410256,4442.051282,4214.358974,4225.641025,4501.538461,4212.307692,4632.820512,4001.538461,4026.666666
228,4370.769230,4509.743589,4519.487179,4267.692307,4495.384615,4209.743589,4434.871794,4210.769230,4221.025641,4506.153846,4215.897435,4634.358974,4007.179487,4026.153846
229,4377.435897,4512.820512,4523.076923,4266.666666,4492.820512,4204.102564,4433.846153,4210.256410,4223.076923,4512.307692,4229.743589,4642.051282,4017.435897,4041.538461
230,4377.948717,4517.948717,4527.179487,4263.076923,4502.051282,4208.717948,4439.487179,4208.205128,4221.025641,4505.128205,4230.769230,4642.564102,4015.384615,4043.589743
231,4369.743589,4511.282051,4514.358974,4262.051282,4500.000000,4204.615384,4428.205128,4195.897435,4202.051282,4485.641025,4213.333333,4630.769230,4000.512820,4025.641025
232,4370.256410,4514.358974,4511.282051,4268.205128,4489.230769,4195.384615,4419.487179,4191.282051,4193.846153,4478.461538,4212.307692,4629.230769,3993.846154,4021.538461
233,4373.333333,4523.589743,4520.512820,4274.358974,4494.871794,4202.564102,4427.692307,4193.846153,4204.102564,4484.615384,4225.128205,4635.384615,3995.897436,4026.153846
234,4368.205128,4518.974358,4517.435897,4270.256410,4503.076923,4204.615384,4426.666666,4191.282051,4207.179487,4491.282051,4216.923076,4630.769230,3998.974359,4024.102564
235,4372.820512,4517.435897,4516.410256,4272.820512,4499.487179,4200.000000,4423.076923,4195.384615,4207.179487,4497.435897,4209.743589,4631.794871,4008.717948,4031.794871
236,4388.205128,4528.717948,4528.205128,4283.589743,4503.589743,4204.615384,4432.307692,4205.128205,4216.923076,4501.538461,4227.179487,4643.589743,4018.461538,4046.666666
237,4390.256410,4525.641025,4528.205128,4281.025641,4500.512820,4203.076923,4431.282051,4203.589743,4215.897435,4494.358974,4233.846153,4644.102564,4008.717948,4045.128205
238,4381.025641,4513.333333,4522.051282,4269.743589,4478.461538,4192.307692,4426.666666,4201.025641,4205.128205,4484.615384,4219.487179,4637.435897,3994.871795,4034.871794
239,4379.487179,4514.871794,4523.589743,4269.743589,4468.717948,4190.256410,4434.358974,4207.179487,4209.743589,4494.358974,4216.410256,4642.051282,4004.102564,4038.974358
240,4386.666666,4517.948717,4526.153846,4274.358974,4482.051282,4197.948717,4440.512820,4211.794871,4221.538461,4509.743589,4228.205128,4649.230769,4017.948717,4048.717948
241,4392.307692,4514.871794,4528.717948,4270.256410,4495.384615,4203.589743,4442.051282,4212.820512,4223.076923,4513.333333,4237.435897,4651.282051,4017.435897,4048.717948
242,4391.794871,4515.384615,4529.743589,4265.641025,4493.333333,4204.615384,4440.000000,4211.282051,4221.538461,4502.564102,4240.000000,4649.743589,4013.333333,4043.589743
243,4387.179487,4511.794871,4522.564102,4266.666666,4483.076923,4197.948717,4431.794871,4206.153846,4217.948717,4490.769230,4232.820512,4641.025641,4008.717948,4036.410256
244,4378.974358,4505.641025,4511.282051,4269.230769,4475.897435,4192.820512,4425.128205,4201.538461,4210.769230,4490.769230,4221.025641,4632.307692,4002.564102,4028.717948
245,4374.358974,4508.717948,4512.307692,4270.769230,4477.948717,4196.410256,4428.717948,4202.564102,4209.230769,4496.923076,4217.435897,4631.282051,4000.512820,4023.076923
246,4378.461538,4513.846153,4517.948717,4272.307692,4481.538461,4199.487179,4431.282051,4204.615384,4212.820512,4500.000000,4220.512820,4631.282051,3995.897436,4017.435897
247,4378.974358,4510.256410,4513.846153,4274.358974,4483.589743,4196.410256,4425.128205,4197.948717,4211.282051,4494.358974,4219.487179,4629.743589,3988.205129,4015.384615
248,4373.333333,4503.589743,4507.179487,4272.307692,4484.102564,4192.307692,4418.461538,4189.230769,4202.564102,4483.589743,4205.128205,4628.717948,3991.282052,4018.461538
249,4372.820512,4503.589743,4508.717948,4266.666666,4475.897435,4189.743589,4416.923076,4184.615384,4195.384615,4481.025641,4197.948717,4626.153846,3996.923077,4019.487179
250,4375.897435,4508.205128,4514.871794,4265.641025,4467.179487,4193.333333,4421.025641,4183.076923,4196.410256,4485.128205,4210.256410,4626.666666,3994.871795,4019.487179
251,4381.538461,4518.461538,4519.487179,4272.820512,4473.333333,4200.512820,4427.692307,4193.846153,4204.615384,4485.128205,4222.051282,4631.794871,3994.358975,4023.076923
252,4383.589743,4521.025641,4523.589743,4275.897435,4482.051282,4202.564102,4432.307692,4209.230769,4212.820512,4491.282051,4225.128205,4638.461538,3995.384616,4025.128205
253,4376.923076,4508.205128,4520.512820,4267.179487,4478.974358,4198.974358,4430.769230,4207.692307,4213.846153,4497.948717,4227.179487,4639.487179,3991.282052,4023.589743
254,4375.384615,4503.589743,4518.974358,4260.000000,4478.461538,4200.000000,4428.205128,4201.025641,4212.307692,4493.333333,4223.076923,4636.923076,3993.846154,4026.666666
255,4378.974358,4507.692307,4522.564102,4258.461538,4480.512820,4202.564102,4429.743589,4206.666666,4211.794871,4493.846153,4219.487179,4638.461538,4001.025641,4025.641025
256,4372.820512,4504.615384,4518.461538,4260.512820,4472.307692,4202.051282,4426.666666,4207.692307,4214.358974,4501.025641,4223.076923,4636.923076,3996.410257,4016.410256
257,4373.846153,4507.179487,4513.333333,4270.769230,4472.307692,4203.076923,4423.589743,4205.128205,4221.025641,4502.051282,4226.666666,4637.435897,3995.897436,4020.000000
258,4386.666666,4521.025641,4519.487179,4283.076923,4482.564102,4206.153846,4427.692307,4207.692307,4223.076923,4503.589743,4228.717948,4645.128205,4001.538461,4036.923076
259,4385.128205,4523.589743,4523.589743,4278.461538,4487.692307,4204.615384,4426.666666,4199.487179,4212.307692,4501.025641,4225.128205,4643.076923,3991.794872,4036.923076
